[array([[ 0.01940205, -0.05147873],
[ 0.01644087, -0.02279982]])];)
[array([[ 0.24088177, -0.37160563],
[ 0.53635497, -0.497313  ]])];)
[array([[ 0.4965356 , -0.44514497],
[ 2.32588237, -1.49389521]])];)
[array([[ 0.11764899, -0.53375889],
[ 0.10952739, -0.37268874]])];)
[array([[ 0.05596841, -0.07870188],
[ 0.11870299, -0.08273051]])];)
[array([[ 0.26262004, -0.05607716],
[ 2.44175162, -0.28954232]])];)
[array([[ 0.07319214, -0.10288405],
[ 0.16138816, -0.0973907 ]])];)
[array([[ 0.01939393, -0.0315353 ],
[ 0.02822935, -0.02470423]])];)
[array([[ 0.07750823, -0.45458998],
[ 0.02850763, -0.10123641]])];)
[array([[ 0.1575289 , -0.04072338],
[ 1.54352677, -0.19686782]])];)
[array([[ 0.10589609, -0.08558469],
[ 0.29074262, -0.1099857 ]])];)
[array([[ 0.01654785, -0.04100566],
[ 0.0137486 , -0.02228786]])];)
[array([[ 0.10184169, -0.13444726],
[ 0.18174152, -0.15168868]])];)
[array([[ 0.19764224, -0.09780605],
[ 1.26904739, -0.50115737]])];)
[array([[ 0.01880126, -0.11265219],
[ 0.00874617, -0.02255931]])];)
[array([[ 0.01963194, -0.01075584],
[ 0.10395338, -0.02115191]])];)
[array([[ 2.30823282e-01, -7.71974854e-03],
[ 9.28803274e+00, -2.55469488e-01]])];)
[array([[ 0.09986678, -0.74427513],
[ 0.02224917, -0.12335454]])];)
[array([[ 0.17251888, -0.07842614],
[ 0.51563319, -0.21305725]])];)
[array([[ 0.03556504, -0.02909879],
[ 0.07650474, -0.0366538 ]])];)
[array([[ 0.12704188, -0.01562333],
[ 3.08595736, -0.19168606]])];)
[array([[ 0.15293626, -0.45849803],
[ 0.10759129, -0.18050112]])];)
[array([[ 0.13510299, -0.04147548],
[ 0.89310063, -0.14721327]])];)
[array([[ 0.15749781, -0.07244335],
[ 0.90694338, -0.20712093]])];)
[array([[ 0.12836464, -0.03965795],
[ 1.28610665, -0.15941156]])];)
[array([[ 0.02175012, -0.00296677],
[ 0.3568774 , -0.03161631]])];)
[array([[ 0.08310911, -0.00557357],
[ 2.21097691, -0.09946961]])];)
[array([[ 0.24663786, -0.02142831],
[ 6.37543727, -0.33752825]])];)
[array([[ 0.1953304 , -0.11427621],
[ 1.04937227, -0.25568404]])];)
[array([[ 0.39484855, -0.07207641],
[ 6.0893794 , -0.41693702]])];)
[array([[ 0.1065247 , -0.1688281 ],
[ 0.16579647, -0.13431722]])];)
[array([[ 0.02813592, -0.02344361],
[ 0.09224846, -0.03941653]])];)
[array([[ 0.09861287, -0.02694273],
[ 0.84266648, -0.14156213]])];)
[array([[ 0.31127762, -0.14808366],
[ 1.94423979, -0.57791696]])];)
[array([[ 0.06816852, -0.11361184],
[ 0.07514128, -0.074269  ]])];)
[array([[ 0.18885638, -0.03917248],
[ 3.05996488, -0.35165539]])];)
[array([[ 0.1198807 , -0.0486665 ],
[ 0.67511445, -0.20174291]])];)
[array([[ 0.08146366, -0.0061668 ],
[ 2.78502179, -0.14532148]])];)
[array([[ 0.04111516, -0.03362818],
[ 0.10043525, -0.04426961]])];)
[array([[ 0.16458549, -0.03526097],
[ 2.4108999 , -0.39538506]])];)
[array([[ 0.43770738, -3.05817001],
[ 0.18616082, -0.82454016]])];)
[array([[ 0.08236769, -0.06050188],
[ 0.26011077, -0.09175393]])];)
[array([[ 0.38421688, -0.16126659],
[ 3.80258106, -1.19641815]])];)
[array([[ 0.05138073, -0.03024077],
[ 0.25503462, -0.06269722]])];)
[array([[ 0.18276315, -0.03176656],
[ 3.1422923 , -0.23436182]])];)
[array([[ 0.16540122, -0.07612909],
[ 1.06433238, -0.19259077]])];)
[array([[ 0.15919408, -0.04921789],
[ 1.23372079, -0.17069992]])];)
[array([[ 0.27570184, -0.24883814],
[ 0.71997687, -0.28910621]])];)
[array([[ 0.10103733, -0.07089261],
[ 0.46024271, -0.20499285]])];)
[array([[ 0.30361727, -0.02668232],
[10.73451393, -0.80798366]])];)
[array([[ 0.04781275, -0.00943284],
[ 0.64548169, -0.06395594]])];)
[array([[ 0.03679298, -0.00658432],
[ 0.3488305 , -0.04602651]])];)
[array([[ 0.15031213, -0.38454269],
[ 0.12478735, -0.17967251]])];)
[array([[ 0.1759436 , -0.17699248],
[ 0.33411392, -0.21298592]])];)
[array([[ 0.06598545, -0.11531682],
[ 0.08958343, -0.07804345]])];)
[array([[ 0.33530879, -0.8170001 ],
[ 0.26011134, -0.43772166]])];)
[array([[ 0.26267443, -0.06637538],
[ 2.96070667, -0.3741118 ]])];)
[array([[ 0.09867791, -0.0764099 ],
[ 0.22358794, -0.16378517]])];)
[array([[ 0.25032826, -0.01835211],
[ 5.90839099, -0.27272691]])];)
[array([[ 0.72650061, -0.1677753 ],
[ 9.1208171 , -1.57981849]])];)
[array([[ 0.23975632, -0.18973042],
[ 0.61347066, -0.40970836]])];)
[array([[ 0.4263994 , -0.041279  ],
[14.3669551 , -0.62471156]])];)
[array([[ 0.07655952, -0.164614  ],
[ 0.07235811, -0.08466864]])];)
[array([[ 0.20198268, -0.04324238],
[ 2.97980659, -0.31116793]])];)
[array([[ 1.27296444e-01, -5.88820787e-03],
[ 8.14683495e+00, -1.35758210e-01]])];)
[array([[ 0.24270354, -0.0423245 ],
[ 3.84940783, -0.30754353]])];)
[array([[ 0.27272318, -0.10939007],
[ 2.22040059, -0.48734317]])];)
[array([[ 0.08599885, -0.10107005],
[ 0.28548074, -0.23972987]])];)
[array([[ 0.25024454, -0.01652084],
[12.32051284, -0.41872187]])];)
[array([[ 0.38974522, -0.24941981],
[ 1.88081549, -0.53365802]])];)
[array([[ 0.0631278 , -0.01319311],
[ 0.42882777, -0.07815539]])];)
[array([[ 0.07639695, -0.01417516],
[ 0.42961311, -0.07941485]])];)
[array([[ 0.11006179, -0.11980083],
[ 0.43881313, -0.37256969]])];)
[array([[ 0.07007825, -0.05696295],
[ 0.23841785, -0.081481  ]])];)
[array([[ 0.12612358, -0.02896091],
[ 1.51694389, -0.16438856]])];)
[array([[ 5.58577064e-01, -2.64880343e-02],
[ 3.49051353e+01, -8.18049386e-01]])];)
[array([[ 0.14366624, -0.02554661],
[ 1.06859439, -0.15889659]])];)
[array([[ 0.05380401, -0.0253793 ],
[ 0.27160622, -0.07770767]])];)
[array([[ 0.01814496, -0.02648926],
[ 0.04467736, -0.03749599]])];)
[array([[ 0.1601979 , -0.01042924],
[ 4.03218343, -0.17526387]])];)
[array([[ 0.42399509, -0.06342336],
[10.28275309, -1.09291376]])];)
[array([[ 0.10184182, -0.14366226],
[ 0.16034673, -0.115987  ]])];)
[array([[ 0.03512519, -0.00921464],
[ 0.3677851 , -0.03569011]])];)
[array([[ 8.16258669e-02, -5.38091984e-03],
[ 6.51987358e+00, -3.87141158e-01]])];)
[array([[ 0.03897597, -0.23010873],
[ 0.01673613, -0.04054817]])];)
[array([[ 0.07360545, -0.03774089],
[ 0.3365415 , -0.13017951]])];)
[array([[ 0.20556875, -0.14396528],
[ 0.83844218, -0.28345844]])];)
[array([[ 0.32300618, -0.09157074],
[ 3.56688242, -0.41373351]])];)
[array([[ 0.06313088, -0.01562335],
[ 0.58702485, -0.1012862 ]])];)
[array([[ 0.2600432 , -0.05830724],
[ 4.38002919, -0.78845297]])];)
[array([[ 0.3238641 , -0.01883307],
[15.73534114, -0.395358  ]])];)
[array([[ 0.16969976, -0.07531946],
[ 0.96779678, -0.18794409]])];)
[array([[ 0.03103103, -0.45530763],
[ 0.00835479, -0.0842053 ]])];)
[array([[ 0.08136481, -0.02895404],
[ 0.44374422, -0.0990307 ]])];)
[array([[ 0.0709908 , -0.05104332],
[ 0.27653606, -0.08288054]])];)
[array([[ 0.14304828, -0.00786051],
[ 6.40208936, -0.24587354]])];)
[array([[ 0.07913738, -0.15623246],
[ 0.2016807 , -0.34346832]])];)
[array([[ 0.02019118, -0.00932618],
[ 0.13763625, -0.0265753 ]])];)
[array([[ 0.08934935, -0.09557915],
[ 0.10036023, -0.09462887]])];)
[array([[ 0.14506263, -0.06503517],
[ 0.99514843, -0.16820212]])];)
[array([[ 5.01184067e-01, -1.51063110e-02],
[ 3.81379022e+01, -5.67597554e-01]])];)
[array([[ 0.2048043 , -0.11365649],
[ 1.01622442, -0.50647903]])];)
[array([[ 0.16024834, -0.06093018],
[ 0.94506816, -0.16100692]])];)
[array([[ 0.20215516, -0.31841637],
[ 0.43560733, -0.52474981]])];)
[array([[ 0.28018332, -0.05498214],
[ 3.9884527 , -0.31322969]])];)
[array([[ 0.14976252, -0.07215003],
[ 0.87060142, -0.21892764]])];)
[array([[ 0.55430197, -0.08716289],
[ 8.31389096, -0.59557907]])];)
[array([[ 0.1340189 , -0.10863616],
[ 0.43125556, -0.20968238]])];)
[array([[ 0.19426083, -0.64480728],
[ 0.11401161, -0.27093419]])];)
[array([[ 0.3370006 , -0.15867767],
[ 2.06778631, -0.40077667]])];)
[array([[ 0.21125892, -0.14826109],
[ 1.14139958, -0.5464821 ]])];)
[array([[ 0.11097075, -0.04596222],
[ 1.01083857, -0.32529616]])];)
[array([[ 0.5907363 , -0.07207774],
[10.92542772, -0.64266374]])];)
[array([[ 0.28978259, -0.07718966],
[ 2.72303877, -0.41131038]])];)
[array([[ 0.11829414, -0.29754402],
[ 0.1185095 , -0.13798957]])];)
[array([[ 0.14626707, -0.08008685],
[ 0.52353331, -0.17445777]])];)
[array([[ 0.27947779, -0.04131694],
[ 5.81812073, -0.44835663]])];)
[array([[ 0.09663173, -0.00613047],
[ 3.78428189, -0.12244753]])];)
[array([[ 0.03093683, -0.00642124],
[ 0.23419191, -0.03788383]])];)
[array([[ 0.36737636, -0.19999906],
[ 1.60506107, -0.80783881]])];)
[array([[ 0.28145478, -0.30389504],
[ 0.99460476, -0.66299085]])];)
[array([[ 0.27636881, -0.07423774],
[ 3.02409656, -0.33072898]])];)
[array([[ 0.00725194, -0.00905652],
[ 0.01707733, -0.01543879]])];)
[array([[ 0.09498692, -0.05152971],
[ 0.37180965, -0.10292295]])];)
[array([[ 0.20851597, -0.23291844],
[ 0.60225892, -0.33427112]])];)
[array([[ 0.06630989, -0.0506506 ],
[ 0.25114114, -0.08341067]])];)
[array([[ 0.1267735 , -0.0811811 ],
[ 0.28744956, -0.14471317]])];)
[array([[ 0.11520341, -0.09757816],
[ 0.40605765, -0.16775858]])];)
[array([[ 0.37594875, -0.24217782],
[ 1.15830829, -0.39409055]])];)
[array([[ 0.06115531, -0.01719766],
[ 0.53779107, -0.06952088]])];)
[array([[ 0.15563151, -0.1645017 ],
[ 0.48029253, -0.29861884]])];)
[array([[ 0.1193121 , -0.053882  ],
[ 0.50617009, -0.13349564]])];)
[array([[ 0.0560019 , -0.08945805],
[ 0.09830116, -0.10902924]])];)
[array([[ 0.10780935, -0.1631489 ],
[ 0.1396454 , -0.18808062]])];)
[array([[ 0.04531025, -0.00965991],
[ 0.33203356, -0.05007087]])];)
[array([[ 0.08718526, -0.23269855],
[ 0.0576156 , -0.11720415]])];)
[array([[ 0.21313829, -0.1997253 ],
[ 1.18448048, -0.94971514]])];)
[array([[ 5.09624462e-01, -6.81897743e-03],
[ 8.05029364e+01, -8.48173220e-01]])];)
[array([[ 0.42479289, -0.23793633],
[ 2.65715445, -1.13935882]])];)
[array([[ 0.17534994, -0.07742979],
[ 0.88378465, -0.22266235]])];)
[array([[ 0.04391426, -0.01784156],
[ 0.2347017 , -0.0462406 ]])];)
[array([[ 0.05346338, -0.07196327],
[ 0.11409921, -0.08599279]])];)
[array([[ 0.33861551, -0.08740042],
[ 2.63897247, -0.3389553 ]])];)
[array([[ 0.16295691, -0.06854813],
[ 0.85292489, -0.19655348]])];)
[array([[ 0.14930221, -0.1370854 ],
[ 0.32030868, -0.15542973]])];)
[array([[ 0.46671048, -0.11021289],
[ 4.70117406, -0.86990707]])];)
[array([[ 0.05908174, -0.07321641],
[ 0.14559245, -0.08801467]])];)
[array([[ 0.27363837, -0.12247571],
[ 0.972171  , -0.28153387]])];)
[array([[ 0.12530234, -0.03349187],
[ 1.68461156, -0.25288236]])];)
[array([[ 0.18145888, -0.06605549],
[ 1.2376096 , -0.32744253]])];)
[array([[ 0.06361677, -0.01592492],
[ 0.7911747 , -0.10655107]])];)
[array([[ 0.24788166, -0.26659465],
[ 0.56449907, -0.31289993]])];)
[array([[ 0.23226488, -0.20455468],
[ 0.93846362, -0.53121015]])];)
[array([[ 0.11845083, -0.06497686],
[ 0.35163555, -0.13900491]])];)
[array([[ 0.08257958, -0.07956082],
[ 0.23377315, -0.12129995]])];)
[array([[ 0.55281399, -0.58438414],
[ 0.63974341, -0.56568715]])];)
[array([[ 0.16584177, -0.04584483],
[ 0.91569325, -0.1828013 ]])];)
[array([[ 0.24618944, -0.06671232],
[ 2.02069771, -0.4395224 ]])];)
[array([[ 0.56865211, -0.12616943],
[ 4.66276391, -0.57446142]])];)
[array([[ 0.35703961, -0.05337473],
[ 6.60578772, -0.35737675]])];)
[array([[ 0.03456324, -0.04625108],
[ 0.0710952 , -0.03951194]])];)
[array([[ 0.06452849, -0.08308392],
[ 0.09521392, -0.09415227]])];)
[array([[ 0.09754643, -0.01169476],
[ 1.43827137, -0.1463428 ]])];)
[array([[ 0.12405052, -0.11421288],
[ 0.38251687, -0.15835592]])];)
[array([[ 3.35114813e-01, -1.53834248e-02],
[ 2.03989214e+01, -4.20812054e-01]])];)
[array([[ 0.13620638, -0.45769856],
[ 0.08212736, -0.14608482]])];)
[array([[ 0.07000255, -0.10147583],
[ 0.20444377, -0.24979113]])];)
[array([[ 0.21747014, -0.70748599],
[ 0.19017206, -0.25427886]])];)
[array([[ 0.12008436, -0.27568393],
[ 0.13805202, -0.20823656]])];)
[array([[ 0.10668496, -0.03434658],
[ 0.94152167, -0.13456868]])];)
[array([[ 0.37477827, -1.67722651],
[ 0.26563348, -0.93095526]])];)
[array([[ 0.22129876, -0.12793333],
[ 0.5908438 , -0.25311413]])];)
[array([[ 0.11457676, -0.1917114 ],
[ 0.13057993, -0.16484403]])];)
[array([[ 0.03633045, -0.00498787],
[ 0.85654204, -0.09028847]])];)
[array([[ 0.10772814, -0.06725593],
[ 0.59160401, -0.23819726]])];)
[array([[ 0.46623702, -1.42148904],
[ 0.28486456, -0.62193791]])];)
[array([[ 0.05384598, -0.08045201],
[ 0.07566291, -0.07077711]])];)
[array([[ 0.03147104, -0.033039  ],
[ 0.06058966, -0.03186944]])];)
[array([[ 0.07252393, -0.04694268],
[ 0.15460471, -0.0914451 ]])];)
[array([[ 0.04044448, -0.01165973],
[ 0.32041838, -0.08557928]])];)
[array([[ 0.33629376, -0.11256385],
[ 1.31004101, -0.35984557]])];)
[array([[ 0.05544267, -0.06537632],
[ 0.16286946, -0.11643442]])];)
[array([[ 0.58435299, -0.73183529],
[ 0.76120592, -0.69192135]])];)
[array([[ 0.15085364, -0.01720026],
[ 5.07510255, -0.45239172]])];)
[array([[ 0.52056493, -0.25342115],
[ 2.96283752, -0.76002727]])];)
[array([[ 0.03889355, -0.06863621],
[ 0.09094791, -0.12777147]])];)
[array([[ 0.27651718, -0.0901341 ],
[ 2.30373524, -0.29946557]])];)
[array([[ 2.62909838e-01, -7.98681251e-03],
[ 2.45125141e+01, -2.88530434e-01]])];)
[array([[ 0.21847381, -0.07483266],
[ 1.78986496, -0.37972361]])];)
[array([[ 0.07101007, -0.19622781],
[ 0.07802397, -0.09854909]])];)
[array([[ 0.24656008, -0.08324279],
[ 0.97533258, -0.26149873]])];)
[array([[ 0.47009961, -0.35542812],
[ 1.36930304, -0.58294226]])];)
[array([[ 0.38155428, -0.26088262],
[ 1.24553441, -0.63423659]])];)
[array([[ 0.18524865, -0.0628014 ],
[ 0.78896463, -0.21664837]])];)
[array([[ 0.38814997, -4.29514856],
[ 0.10365925, -0.6756931 ]])];)
[array([[ 0.2533705 , -0.15793065],
[ 0.70900153, -0.25520921]])];)
[array([[ 0.16525501, -0.22910334],
[ 0.28187236, -0.19294107]])];)
[array([[ 0.14446032, -0.04890115],
[ 1.81725567, -0.55183584]])];)
[array([[ 0.28607649, -0.20059353],
[ 0.87861326, -0.38146819]])];)
[array([[ 0.26346879, -0.26858   ],
[ 0.53484557, -0.31587835]])];)
[array([[ 0.25948297, -0.64364729],
[ 0.33108345, -0.4204702 ]])];)
[array([[ 0.38896059, -0.19459582],
[ 1.78308846, -0.68579489]])];)
[array([[ 0.04102767, -0.04690963],
[ 0.10143019, -0.10327143]])];)
[array([[ 0.05466795, -0.05756519],
[ 0.08475497, -0.0571853 ]])];)
[array([[ 0.44722694, -0.0443892 ],
[14.28776894, -0.77255111]])];)
[array([[ 0.38712683, -0.08101867],
[ 2.25123814, -0.42491065]])];)
[array([[ 0.07030844, -0.00500186],
[ 1.63396294, -0.10147651]])];)
[array([[ 0.41161953, -0.9841943 ],
[ 0.42665372, -0.49292888]])];)
[array([[ 0.53581597, -0.52702558],
[ 1.01814996, -0.66336502]])];)
[array([[ 0.20030224, -0.22552222],
[ 0.53901717, -0.22456592]])];)
[array([[ 0.32930834, -0.16568355],
[ 2.57034384, -0.97140273]])];)
[array([[ 0.46067025, -0.19664869],
[ 3.60576236, -0.88736747]])];)
[array([[ 0.12141565, -0.02486538],
[ 1.03534542, -0.14416318]])];)
[array([[ 0.10384799, -0.38393324],
[ 0.07777023, -0.11715591]])];)
[array([[ 0.11595259, -0.41892847],
[ 0.07758063, -0.21787539]])];)
[array([[ 0.117593  , -0.15257367],
[ 0.407031  , -0.45970631]])];)
[array([[ 0.01629249, -0.00796211],
[ 0.09708668, -0.03119501]])];)
[array([[ 0.30440608, -0.34347826],
[ 0.70669663, -0.41427582]])];)
[array([[ 0.02482471, -0.00465821],
[ 0.25831571, -0.03278501]])];)
[array([[ 0.18960251, -0.31644887],
[ 0.1474072 , -0.1928124 ]])];)
[array([[ 0.30611901, -0.42414859],
[ 0.4722295 , -0.38766434]])];)
[array([[ 0.05351979, -0.01836792],
[ 0.37069253, -0.0663816 ]])];)
[array([[ 0.19238904, -0.07894591],
[ 1.32545228, -0.36649835]])];)
[array([[ 0.2395381 , -0.04308774],
[ 3.12581055, -0.35484966]])];)
[array([[ 0.07844591, -0.04486576],
[ 0.34871934, -0.09455609]])];)
[array([[ 0.36074585, -0.1900549 ],
[ 1.71153093, -0.37767504]])];)
[array([[ 0.07309858, -0.13948843],
[ 0.08910448, -0.11965292]])];)
[array([[ 0.17235655, -0.07976874],
[ 0.50511684, -0.19043258]])];)
[array([[ 0.25841002, -0.06687142],
[ 2.95628822, -0.70832308]])];)
[array([[ 0.04109221, -0.1161837 ],
[ 0.04260855, -0.04332113]])];)
[array([[ 0.30731929, -0.12769556],
[ 1.57810559, -0.42897735]])];)
[array([[ 0.0473902 , -0.03948862],
[ 0.15502652, -0.08473817]])];)
[array([[ 0.36796207, -0.37339228],
[ 1.25669748, -0.85213022]])];)
[array([[ 0.21287994, -0.11784983],
[ 1.42795996, -0.52057245]])];)
[array([[ 0.15021252, -0.01816223],
[ 1.91368327, -0.19178187]])];)
[array([[ 0.15651029, -0.03587052],
[ 1.83529669, -0.2633137 ]])];)
[array([[ 0.17780025, -0.16546061],
[ 0.44049319, -0.20861096]])];)
[array([[ 0.08276213, -0.119462  ],
[ 0.1876138 , -0.17108207]])];)
[array([[ 0.04861367, -0.0096749 ],
[ 0.5190712 , -0.05337387]])];)
[array([[ 0.24737608, -0.05770028],
[ 3.19600701, -0.59757463]])];)
[array([[ 0.27166499, -0.8538214 ],
[ 0.18063843, -0.50540113]])];)
[array([[ 2.74063982e-01, -1.02210277e-02],
[ 1.42080637e+01, -2.92433188e-01]])];)
[array([[ 0.11918842, -0.11384294],
[ 0.31738018, -0.22404747]])];)
[array([[ 0.41611509, -0.14313628],
[ 1.85912045, -0.54942714]])];)
[array([[ 0.60430227, -0.56305712],
[ 1.34030001, -0.83619036]])];)
[array([[ 0.24868361, -0.08594159],
[ 1.56034329, -0.27743928]])];)
[array([[ 0.11594135, -0.03624366],
[ 0.84824417, -0.17508866]])];)
[array([[ 0.32033074, -0.20246265],
[ 1.28028428, -0.62116842]])];)
[array([[ 0.28507373, -0.35763121],
[ 0.74325421, -0.51121413]])];)
[array([[ 0.01980553, -0.00429965],
[ 0.35284053, -0.06354865]])];)
[array([[ 0.06711174, -0.02660094],
[ 0.44292872, -0.11189169]])];)
[array([[ 0.04540311, -0.0196253 ],
[ 0.22048626, -0.04640079]])];)
[array([[ 0.05099654, -0.06873958],
[ 0.05904617, -0.05423143]])];)
[array([[ 0.10142071, -0.0980212 ],
[ 0.25826638, -0.14026275]])];)
[array([[ 0.08804641, -0.04557052],
[ 0.33331475, -0.10373187]])];)
[array([[ 0.1062979 , -0.1591271 ],
[ 0.24912427, -0.21404824]])];)
[array([[ 0.24652023, -0.08543501],
[ 1.485001  , -0.32709506]])];)
[array([[ 0.21864302, -0.10577997],
[ 1.37167236, -0.29004628]])];)
[array([[ 0.71717621, -0.41039406],
[ 2.99082444, -0.76810016]])];)
[array([[ 0.09230512, -0.04786482],
[ 0.46331697, -0.12109954]])];)
[array([[ 0.05138266, -0.78010459],
[ 0.00644829, -0.05974327]])];)
[array([[ 0.21179769, -0.08397499],
[ 1.33652561, -0.23152012]])];)
[array([[ 0.22408565, -1.20217168],
[ 0.10595632, -0.26954051]])];)
[array([[ 0.5744791 , -0.3710198 ],
[ 2.3309626 , -0.63051488]])];)
[array([[ 0.28304088, -0.08384984],
[ 2.96126154, -0.36072681]])];)
[array([[ 0.19646853, -0.22957767],
[ 0.31612443, -0.24474199]])];)
[array([[ 0.14903361, -0.2145843 ],
[ 0.24063225, -0.18807162]])];)
[array([[ 0.1301997 , -0.01617897],
[ 3.74432118, -0.3544022 ]])];)
[array([[ 0.05647431, -0.0175958 ],
[ 0.4834741 , -0.0860317 ]])];)
[array([[ 0.05201242, -0.12438262],
[ 0.06700496, -0.09615134]])];)
[array([[ 0.05137377, -0.01191312],
[ 0.39854399, -0.06263372]])];)
[array([[ 0.55952764, -0.08249139],
[10.19969894, -0.79450211]])];)
[array([[ 0.53278267, -0.04731846],
[14.95802634, -0.68606962]])];)
[array([[ 0.15462533, -0.21094416],
[ 0.21015725, -0.23656469]])];)
[array([[ 0.19415682, -0.07604175],
[ 0.91662977, -0.27648494]])];)
[array([[ 0.10659073, -0.13605569],
[ 0.24992891, -0.20485856]])];)
[array([[ 0.16678126, -0.02036816],
[ 2.57981451, -0.20270293]])];)
[array([[ 0.03130153, -0.0372892 ],
[ 0.13587582, -0.13903795]])];)
[array([[ 0.21416968, -2.37412438],
[ 0.04242695, -0.28727881]])];)
[array([[ 0.3938721 , -0.57890943],
[ 0.56679829, -0.55426661]])];)
[array([[ 0.49179177, -0.77564587],
[ 1.18689713, -1.21203782]])];)
[array([[ 0.34507776, -0.80197337],
[ 0.43209219, -0.47763427]])];)
[array([[ 3.52670841e-01, -7.24222444e-03],
[ 3.11723415e+01, -4.95158529e-01]])];)
[array([[ 0.04491191, -0.0411522 ],
[ 0.10572869, -0.06413102]])];)
[array([[ 0.18494598, -0.9399445 ],
[ 0.05934932, -0.2013236 ]])];)
[array([[ 0.24035415, -0.48380226],
[ 0.22317208, -0.4219672 ]])];)
[array([[ 0.15739987, -0.1641848 ],
[ 0.5497153 , -0.33694101]])];)
[array([[ 0.10183582, -0.02513993],
[ 1.19077875, -0.11614633]])];)
[array([[ 0.28359309, -0.07836378],
[ 2.64517796, -0.32186615]])];)
[array([[ 0.39467153, -0.16979588],
[ 2.22134457, -0.69585079]])];)
[array([[ 0.42983549, -0.16376815],
[ 2.31663578, -0.62641934]])];)
[array([[ 0.23943751, -0.35918161],
[ 0.41425969, -0.44911915]])];)
[array([[ 0.09274655, -0.03140609],
[ 1.01979646, -0.28305897]])];)
[array([[ 0.14248244, -0.14889715],
[ 0.36027523, -0.17150344]])];)
[array([[ 0.06514458, -0.11411331],
[ 0.10933173, -0.12134855]])];)
[array([[ 0.15061015, -0.58936805],
[ 0.08216794, -0.1586077 ]])];)
[array([[ 0.0447138 , -0.09767422],
[ 0.05129587, -0.06495992]])];)
[array([[ 0.16901882, -0.05677339],
[ 1.75560835, -0.33379344]])];)
[array([[ 0.10418053, -0.1111839 ],
[ 0.19779643, -0.11477294]])];)
[array([[ 0.02566962, -0.03616233],
[ 0.05423742, -0.04764618]])];)
[array([[ 0.09193489, -0.01310081],
[ 1.83385654, -0.13199714]])];)
[array([[ 0.19232947, -0.14617211],
[ 0.81540688, -0.49363622]])];)
[array([[ 0.3365389 , -0.0472229 ],
[ 5.24998444, -0.35778267]])];)
[array([[ 0.02909961, -0.04668218],
[ 0.02814399, -0.03180879]])];)
[array([[ 0.28329921, -0.23032642],
[ 0.61142713, -0.30785727]])];)
[array([[ 0.05577449, -0.03356639],
[ 0.33517272, -0.11441891]])];)
[array([[ 0.27565424, -0.64259544],
[ 0.28489467, -0.32106382]])];)
[array([[ 0.47890853, -0.18073966],
[ 4.07806156, -0.67707245]])];)
[array([[ 0.40170928, -0.04336876],
[19.3651354 , -1.79267275]])];)
[array([[ 0.29476426, -0.2498252 ],
[ 1.17440727, -0.87124528]])];)
[array([[ 0.59682112, -0.07604948],
[11.84939518, -0.99830687]])];)
[array([[ 0.3571521 , -0.40624061],
[ 0.92201192, -0.58047284]])];)
[array([[ 1.07551533e-01, -5.32765935e-03],
[ 6.30739429e+00, -2.54701527e-01]])];)
[array([[ 0.34865129, -0.13104449],
[ 2.23418449, -0.55617878]])];)
[array([[ 0.20486173, -1.27456695],
[ 0.08659678, -0.37791717]])];)
[array([[ 0.06770199, -0.30535283],
[ 0.05585724, -0.17820462]])];)
[array([[ 0.73986561, -0.13665009],
[12.93430913, -1.05638482]])];)
[array([[ 0.03044409, -0.02753303],
[ 0.09159144, -0.05529811]])];)
[array([[ 0.13276379, -0.07285553],
[ 0.89751141, -0.31004519]])];)
[array([[ 0.04048045, -0.11450204],
[ 0.077582  , -0.20242278]])];)
[array([[ 0.18161979, -0.02247106],
[ 2.9819712 , -0.26280201]])];)
[array([[ 4.91367209e-02, -1.86227999e-03],
[ 2.91693940e+00, -4.98796301e-02]])];)
[array([[ 0.13631695, -0.15643502],
[ 0.49695231, -0.40282928]])];)
[array([[ 0.05494577, -0.05114687],
[ 0.12263548, -0.06832361]])];)
[array([[ 0.02394708, -0.03356408],
[ 0.02754828, -0.02658548]])];)
[array([[ 0.04446169, -0.00371296],
[ 0.97467007, -0.04526935]])];)
[array([[ 0.13035026, -0.07265505],
[ 0.66376541, -0.1645514 ]])];)
[array([[ 0.20359825, -0.03080595],
[ 3.75335815, -0.34272696]])];)
[array([[ 0.17303029, -0.01809101],
[ 4.26466799, -0.19355011]])];)
[array([[ 0.64414252, -0.05802803],
[18.40402965, -1.07279372]])];)
[array([[ 0.07555622, -0.0155034 ],
[ 0.6988005 , -0.08018098]])];)
[array([[ 0.3517772 , -0.01836432],
[16.16088193, -0.65079931]])];)
[array([[ 0.07362767, -0.05966774],
[ 0.23263826, -0.10119309]])];)
[array([[ 0.24225573, -0.22127857],
[ 0.79339475, -0.31017938]])];)
[array([[ 0.37893315, -0.36910923],
[ 0.65447915, -0.39178746]])];)
[array([[ 0.22849616, -0.03153454],
[ 4.51553716, -0.29572839]])];)
[array([[ 0.08060397, -0.3920453 ],
[ 0.03899045, -0.13927292]])];)
[array([[ 0.20636452, -0.13873346],
[ 0.89847591, -0.37618884]])];)
[array([[ 0.13788789, -0.06241568],
[ 0.84918963, -0.18416091]])];)
[array([[ 0.43971055, -0.04786142],
[10.21033136, -0.61557514]])];)
[array([[ 0.11460779, -0.0271375 ],
[ 1.29557992, -0.12853485]])];)
[array([[ 0.11217148, -0.27458357],
[ 0.11619566, -0.13614736]])];)
[array([[ 0.03489934, -0.04272876],
[ 0.03952876, -0.04120289]])];)
[array([[ 0.18190815, -0.35425893],
[ 0.24121328, -0.41846508]])];)
[array([[ 0.10189525, -0.02118538],
[ 1.34205203, -0.19886904]])];)
[array([[ 0.37538971, -0.16512541],
[ 3.01812896, -1.20653745]])];)
[array([[ 0.18200762, -0.05138936],
[ 1.51155251, -0.19332957]])];)
[array([[ 0.02307568, -0.00529154],
[ 0.29824912, -0.02767011]])];)
[array([[ 0.13257482, -0.04309752],
[ 0.8673205 , -0.15554216]])];)
[array([[ 0.36707648, -0.33764457],
[ 1.09696574, -0.6662383 ]])];)
[array([[ 0.44496338, -0.38886912],
[ 1.10183546, -0.49566813]])];)
[array([[ 0.06378473, -0.06082537],
[ 0.13359811, -0.0917202 ]])];)
[array([[ 0.01671357, -0.0411883 ],
[ 0.0218692 , -0.03031948]])];)
[array([[ 0.13300076, -0.06838373],
[ 0.70210835, -0.21822417]])];)
[array([[ 0.09890259, -0.00748906],
[ 2.9717907 , -0.11748497]])];)
[array([[ 0.05149557, -0.01003297],
[ 0.7022881 , -0.09412944]])];)
[array([[ 0.38038507, -0.24109869],
[ 1.7831467 , -0.57788012]])];)
[array([[ 0.0746239 , -0.01333642],
[ 0.88106174, -0.13113634]])];)
[array([[ 0.43555024, -0.76861916],
[ 0.69888614, -0.65073646]])];)
[array([[ 0.07538963, -0.01703184],
[ 0.59464656, -0.09319611]])];)
[array([[ 0.36683724, -0.04941839],
[ 5.27916752, -0.39018575]])];)
[array([[ 0.32559313, -1.54556414],
[ 0.11682072, -0.44375135]])];)
[array([[ 0.05986596, -0.06118852],
[ 0.18281417, -0.11675906]])];)
[array([[ 0.32734797, -0.19764382],
[ 0.72463214, -0.34257498]])];)
[array([[ 0.21464583, -0.09486593],
[ 0.95007447, -0.34407598]])];)
[array([[ 0.53391845, -0.21020383],
[ 3.68029775, -1.07613307]])];)
[array([[ 0.04119592, -0.05921029],
[ 0.07081889, -0.06033397]])];)
[array([[ 0.31303134, -0.02572776],
[ 7.65797429, -0.41877088]])];)
[array([[ 0.24841324, -0.04902497],
[ 4.81873294, -0.7618474 ]])];)
[array([[ 0.14261864, -0.44238918],
[ 0.12904143, -0.18778796]])];)
[array([[ 0.22941959, -0.01730009],
[10.32262668, -0.51946655]])];)
[array([[ 0.14224875, -0.02806646],
[ 1.90148085, -0.28090386]])];)
[array([[ 0.28759305, -0.21977101],
[ 1.54632934, -0.81641774]])];)
[array([[ 0.13903905, -0.23880352],
[ 0.25079707, -0.27596497]])];)
[array([[ 0.41913211, -0.13373856],
[ 2.30771812, -0.63654373]])];)
[array([[ 0.51463608, -0.05636054],
[24.33043928, -2.33405835]])];)
[array([[ 0.21112822, -0.03899888],
[ 3.28191526, -0.26720113]])];)
[array([[ 0.05041867, -0.02199533],
[ 0.28522166, -0.05082553]])];)
[array([[ 0.07068708, -0.03603192],
[ 0.44765873, -0.11300801]])];)
[array([[ 0.08844247, -0.06736565],
[ 0.37221845, -0.13201485]])];)
[array([[ 0.02979733, -0.01539251],
[ 0.10973031, -0.03579572]])];)
[array([[ 0.16410434, -0.01390856],
[ 4.01536399, -0.24544597]])];)
[array([[ 0.02063831, -0.0206325 ],
[ 0.04842188, -0.02656337]])];)
[array([[ 0.03115505, -0.06778018],
[ 0.0333566 , -0.04085737]])];)
[array([[ 0.16555897, -0.01845088],
[ 2.33460056, -0.19796078]])];)
[array([[ 0.10687414, -0.06721081],
[ 0.53512489, -0.2368673 ]])];)
[array([[ 0.25605185, -0.29155547],
[ 0.6132776 , -0.44551535]])];)
[array([[ 0.13477058, -0.01213443],
[ 2.74194413, -0.16877131]])];)
[array([[ 0.18490826, -0.0283076 ],
[ 3.25690512, -0.24783548]])];)
[array([[ 0.32221133, -0.08503965],
[ 3.76640273, -0.37150521]])];)
[array([[ 0.19431379, -0.09847278],
[ 0.73981306, -0.20829691]])];)
[array([[ 0.13456618, -0.19379201],
[ 0.27829953, -0.20438034]])];)
[array([[ 0.34716246, -0.09540639],
[ 2.76952204, -0.46939525]])];)
[array([[ 0.65519251, -2.16535118],
[ 0.30043703, -0.81836686]])];)
[array([[ 0.09279901, -0.06404817],
[ 0.43783443, -0.23118379]])];)
[array([[ 0.12643203, -0.01522083],
[ 2.65302637, -0.15720888]])];)
[array([[ 0.64426055, -0.30165595],
[ 5.34823304, -2.0542407 ]])];)
[array([[ 0.05196111, -0.01314904],
[ 0.48854081, -0.055821  ]])];)
[array([[ 0.11205734, -0.04979804],
[ 0.86566613, -0.25740977]])];)
[array([[ 0.02862892, -0.01452926],
[ 0.19733426, -0.05402093]])];)
[array([[ 0.17877878, -0.0434897 ],
[ 1.98587071, -0.33593395]])];)
[array([[ 0.2785415 , -0.04570167],
[ 5.77532816, -0.79025447]])];)
[array([[ 0.11745288, -0.24742192],
[ 0.14805664, -0.14981057]])];)
[array([[ 0.45191297, -0.72273249],
[ 1.03619977, -0.95802034]])];)
[array([[ 0.41641451, -0.10935616],
[ 5.33572288, -0.77263076]])];)
[array([[ 0.10707669, -0.05497994],
[ 0.61872924, -0.24750081]])];)
[array([[ 0.14067377, -0.19221808],
[ 0.20433195, -0.14473121]])];)
[array([[ 0.19411704, -0.20285999],
[ 0.59965038, -0.35662933]])];)
[array([[ 0.24329214, -0.62608124],
[ 0.34947647, -0.61071667]])];)
[array([[ 0.07892735, -0.00589368],
[ 3.24383918, -0.11264249]])];)
[array([[ 0.36147348, -0.04576844],
[ 7.43555407, -0.45105798]])];)
[array([[ 0.10208203, -0.04583727],
[ 0.42566458, -0.14384855]])];)
[array([[ 0.23071447, -0.13300327],
[ 0.79134807, -0.25913687]])];)
[array([[ 0.41641532, -0.12031442],
[ 4.20693823, -0.83740316]])];)
[array([[ 0.32944784, -0.26956276],
[ 0.80844481, -0.4056028 ]])];)
[array([[ 0.05879386, -0.02079752],
[ 0.57421972, -0.11315442]])];)
[array([[ 0.12203985, -0.20319936],
[ 0.28536533, -0.34055375]])];)
[array([[ 0.37214729, -0.04758527],
[ 7.5491568 , -0.59710922]])];)
[array([[ 0.24173837, -0.22091622],
[ 0.73283515, -0.28233785]])];)
[array([[ 0.37475986, -0.06794744],
[ 6.54001019, -0.6656527 ]])];)
[array([[ 0.41730226, -0.06787155],
[ 5.28361971, -0.48554646]])];)
[array([[ 0.04204524, -0.03013103],
[ 0.10925346, -0.04362912]])];)
[array([[ 0.07074664, -0.0299006 ],
[ 0.44605173, -0.0900867 ]])];)
[array([[ 0.17469496, -0.22544406],
[ 0.17647947, -0.20739327]])];)
[array([[ 0.03050487, -0.02412103],
[ 0.19788089, -0.13521519]])];)
[array([[ 0.05172314, -0.01710362],
[ 0.67869671, -0.16610215]])];)
[array([[ 0.01716141, -0.0070073 ],
[ 0.12177622, -0.02012282]])];)
[array([[ 0.09781605, -0.3907942 ],
[ 0.07416922, -0.12552022]])];)
[array([[ 0.246584  , -0.03467025],
[ 3.22969978, -0.34336897]])];)
[array([[ 0.01208465, -0.00427273],
[ 0.0639011 , -0.01430261]])];)
[array([[ 0.19802404, -0.18109487],
[ 0.54589483, -0.21314836]])];)
[array([[ 0.23999514, -0.34748348],
[ 0.69304024, -0.87708062]])];)
[array([[ 0.02681004, -0.05330156],
[ 0.04048212, -0.03721815]])];)
[array([[ 0.48834238, -1.97339473],
[ 0.32709751, -0.71342761]])];)
[array([[ 0.28450301, -0.04236451],
[ 3.49664521, -0.29163207]])];)
[array([[ 0.3179756 , -0.14841045],
[ 2.11540122, -0.393889  ]])];)
[array([[ 4.62838073e-01, -2.18488985e-02],
[ 3.01647182e+01, -6.37101191e-01]])];)
[array([[ 0.20362089, -0.5568236 ],
[ 0.12918376, -0.25793217]])];)
[array([[ 0.04104469, -0.01867532],
[ 0.28435016, -0.05895865]])];)
[array([[ 0.38674768, -0.77511123],
[ 0.40569534, -0.47034477]])];)
[array([[ 0.17341245, -0.1389993 ],
[ 0.3427286 , -0.23525796]])];)
[array([[ 0.0566067 , -0.04643623],
[ 0.22907205, -0.11275439]])];)
[array([[ 0.14728894, -0.04931866],
[ 1.01056916, -0.216553  ]])];)
[array([[ 0.11299204, -0.11519529],
[ 0.3301357 , -0.28421931]])];)
[array([[ 0.14081846, -0.23240701],
[ 0.25369044, -0.2097612 ]])];)
[array([[ 0.16066514, -0.07821368],
[ 1.07090409, -0.31544521]])];)
[array([[ 0.32994637, -0.25559773],
[ 1.1530963 , -0.56500389]])];)
[array([[ 0.15820176, -0.12126556],
[ 0.56036543, -0.16916194]])];)
[array([[ 0.08564375, -0.06243353],
[ 0.28863502, -0.15543763]])];)
[array([[ 0.10137888, -0.16095907],
[ 0.16850929, -0.13787235]])];)
[array([[ 0.20390409, -0.31120239],
[ 0.41674178, -0.46629123]])];)
[array([[ 0.3032592 , -0.52815879],
[ 0.3367036 , -0.30420184]])];)
[array([[ 0.07960575, -0.04429443],
[ 0.41021173, -0.11442964]])];)
[array([[ 0.12171698, -0.19246566],
[ 0.1857769 , -0.14292012]])];)
[array([[ 0.10534885, -0.11986739],
[ 0.15151437, -0.12472014]])];)
[array([[ 0.60245506, -0.44983353],
[ 1.52743765, -0.70888734]])];)
[array([[ 0.15263906, -0.2145279 ],
[ 0.23013447, -0.24209257]])];)
[array([[ 0.13768743, -0.31885213],
[ 0.14453498, -0.2588825 ]])];)
[array([[ 0.42533749, -0.21687258],
[ 2.85491081, -1.09615881]])];)
[array([[ 0.27644806, -0.09090591],
[ 2.2153054 , -0.28237793]])];)
[array([[ 0.03482956, -0.11216912],
[ 0.02797759, -0.07086524]])];)
[array([[ 0.28710995, -0.44128221],
[ 0.45800428, -0.36907502]])];)
[array([[ 0.10787362, -0.00921717],
[ 2.93858559, -0.18941667]])];)
[array([[ 0.083295  , -0.11948621],
[ 0.11838883, -0.14480162]])];)
[array([[ 0.04368043, -0.02470912],
[ 0.25457545, -0.13255977]])];)
[array([[ 0.08201763, -0.03354971],
[ 0.56573095, -0.09009532]])];)
[array([[ 0.35416258, -0.06111398],
[ 6.18092475, -0.55117385]])];)
[array([[ 0.61819851, -0.26535085],
[ 2.85632987, -1.11491762]])];)
[array([[ 0.04926409, -0.02353441],
[ 0.28132395, -0.06344044]])];)
[array([[ 0.53195253, -0.26018936],
[ 3.25811859, -0.79175651]])];)
[array([[ 0.28077871, -0.71554315],
[ 0.15673923, -0.29539183]])];)
[array([[ 0.13426028, -0.06883027],
[ 0.5035384 , -0.15969577]])];)
[array([[ 0.27425056, -0.01514429],
[ 9.6516344 , -0.43819844]])];)
[array([[ 0.76749668, -0.61635514],
[ 2.96876322, -1.04065911]])];)
[array([[ 0.24143361, -0.07072156],
[ 1.39857087, -0.25063797]])];)
[array([[ 0.14533778, -0.22353541],
[ 0.27290552, -0.18343547]])];)
[array([[ 0.06520201, -0.03509626],
[ 0.42764365, -0.12707352]])];)
[array([[ 0.05168323, -0.0670484 ],
[ 0.13084591, -0.13019526]])];)
[array([[ 2.83161845e-01, -4.91245312e-03],
[ 3.28475700e+01, -3.21890783e-01]])];)
[array([[ 0.05636465, -0.03845841],
[ 0.27818451, -0.09805119]])];)
[array([[ 0.07148391, -0.03734019],
[ 0.43596546, -0.15984265]])];)
[array([[ 0.12955839, -0.01096744],
[ 5.02077573, -0.2159861 ]])];)
[array([[ 0.20410635, -0.11254095],
[ 1.18764332, -0.33359039]])];)
[array([[ 0.17186631, -0.24813192],
[ 0.26911951, -0.21859817]])];)
[array([[ 0.12070722, -0.1596504 ],
[ 0.2110344 , -0.13824029]])];)
[array([[ 0.22434476, -2.3731856 ],
[ 0.06714277, -0.48933488]])];)
[array([[ 0.05664069, -0.00765616],
[ 0.55937357, -0.06410549]])];)
[array([[ 0.5090633 , -0.35469426],
[ 2.09922744, -0.62403398]])];)
[array([[ 0.10541968, -0.19478926],
[ 0.17088005, -0.15822542]])];)
[array([[ 0.08014809, -0.07653446],
[ 0.17826818, -0.09454994]])];)
[array([[ 0.0408668 , -0.0188955 ],
[ 0.13952701, -0.04134533]])];)
[array([[ 0.32195645, -0.04611717],
[ 7.10346127, -0.63334221]])];)
[array([[ 0.02342202, -0.00413807],
[ 0.51483768, -0.05899844]])];)
[array([[ 0.12202616, -0.04131335],
[ 0.89254677, -0.22803144]])];)
[array([[ 0.10721752, -0.09512793],
[ 0.20468303, -0.12006253]])];)
[array([[ 0.15834547, -0.30597809],
[ 0.36607453, -0.56794046]])];)
[array([[ 0.08947299, -0.11020359],
[ 0.18481863, -0.11628116]])];)
[array([[ 0.22469668, -0.01692369],
[ 7.93898308, -0.26932154]])];)
[array([[ 0.5653352 , -0.91688269],
[ 0.51908616, -0.65601569]])];)
[array([[ 0.21855551, -0.28403128],
[ 0.59365268, -0.43245934]])];)
[array([[ 0.08297685, -0.03925802],
[ 0.55676743, -0.13459089]])];)
[array([[ 0.3486276 , -0.20291008],
[ 1.13632473, -0.39046753]])];)
[array([[ 0.32785191, -0.07755444],
[ 3.42801724, -0.51519965]])];)
[array([[ 0.30104826, -0.21772969],
[ 1.08865447, -0.36806566]])];)
[array([[ 0.02098563, -0.00860922],
[ 0.12457547, -0.03002401]])];)
[array([[ 0.08657126, -0.02761262],
[ 0.808785  , -0.09401718]])];)
[array([[ 0.1981579 , -0.09103141],
[ 1.14941134, -0.25141538]])];)
[array([[ 0.26257227, -0.04076915],
[ 5.70283119, -0.63837943]])];)
[array([[ 0.03126782, -0.00963715],
[ 0.17213872, -0.04574512]])];)
[array([[ 0.01843537, -0.00705171],
[ 0.12569787, -0.02215165]])];)
[array([[ 0.32189048, -0.08056343],
[ 4.33363449, -0.72425686]])];)
[array([[ 0.24667077, -0.74884905],
[ 0.26290178, -0.57862053]])];)
[array([[ 0.40143435, -0.05752624],
[ 5.11489978, -0.48525069]])];)
[array([[ 0.25188418, -0.04937363],
[ 4.59141533, -0.50894355]])];)
[array([[ 0.04546588, -0.01812582],
[ 0.28085168, -0.06659792]])];)
[array([[ 0.14983034, -0.07993833],
[ 0.7904204 , -0.15543196]])];)
[array([[ 0.1326258 , -0.03055676],
[ 1.46713286, -0.18096842]])];)
[array([[ 0.33338341, -0.35560474],
[ 0.69959717, -0.35296577]])];)
[array([[ 0.15059966, -0.37527477],
[ 0.15931924, -0.21216626]])];)
[array([[ 0.19270094, -0.38429257],
[ 0.20399896, -0.22363772]])];)
[array([[ 0.23427097, -0.24217141],
[ 0.53054212, -0.26275791]])];)
[array([[ 0.10302856, -0.0065622 ],
[ 2.79336466, -0.14481129]])];)
[array([[ 0.08431831, -0.10153897],
[ 0.08226946, -0.08791989]])];)
[array([[ 0.07109764, -0.02641006],
[ 0.26146544, -0.07300665]])];)
[array([[ 0.44020691, -0.13711525],
[ 3.69832227, -0.58144012]])];)
[array([[ 0.33512048, -0.04400323],
[ 4.73889603, -0.5080531 ]])];)
[array([[ 0.13100347, -0.0266479 ],
[ 0.91820076, -0.17667156]])];)
[array([[ 0.31771838, -0.41545836],
[ 0.8390574 , -0.80557536]])];)
[array([[ 0.04691251, -0.12050685],
[ 0.0466141 , -0.04826896]])];)
[array([[ 0.21079789, -0.367519  ],
[ 0.35861228, -0.22320075]])];)
[array([[ 0.06413074, -0.03351582],
[ 0.41943348, -0.15068464]])];)
[array([[ 0.15039151, -0.08260055],
[ 0.55785273, -0.1915999 ]])];)
[array([[ 0.42610295, -0.06259216],
[ 8.78031418, -0.63025781]])];)
[array([[ 0.12862159, -0.29660099],
[ 0.16086724, -0.1856742 ]])];)
[array([[ 0.39426223, -0.05002959],
[ 8.47141867, -0.63750796]])];)
[array([[ 0.19649751, -0.16672986],
[ 0.65665851, -0.25446013]])];)
[array([[ 0.21891894, -0.13502571],
[ 0.99135647, -0.23804513]])];)
[array([[ 0.203336  , -0.27801627],
[ 0.51381854, -0.39777684]])];)
[array([[ 0.25909126, -0.04681511],
[ 2.62369136, -0.29532047]])];)
[array([[ 0.07964608, -0.00696847],
[ 1.93217587, -0.12635451]])];)
[array([[ 0.13683729, -0.02263564],
[ 3.89078914, -0.51474879]])];)
[array([[ 0.14044212, -1.65422241],
[ 0.02273719, -0.16570644]])];)
[array([[ 0.14239036, -0.44175416],
[ 0.08262885, -0.16706929]])];)
[array([[ 0.21250565, -1.41741911],
[ 0.07184391, -0.24298675]])];)
[array([[ 0.1489196 , -0.06183821],
[ 0.50044087, -0.17938102]])];)
[array([[ 0.11876294, -0.24606487],
[ 0.15390638, -0.1486077 ]])];)
[array([[ 0.03052336, -0.03930162],
[ 0.04901826, -0.03507658]])];)
[array([[ 0.06183322, -0.02401969],
[ 0.44469705, -0.12683396]])];)
[array([[ 0.46297234, -0.73559152],
[ 0.66635631, -0.60964093]])];)
[array([[ 0.04741143, -0.05387686],
[ 0.10088923, -0.05124824]])];)
[array([[ 0.19047961, -1.14669253],
[ 0.05159183, -0.20819672]])];)
[array([[ 0.16737856, -0.0525569 ],
[ 1.6078519 , -0.21699962]])];)
[array([[ 0.07216883, -0.08933123],
[ 0.15652518, -0.10122183]])];)
[array([[ 0.08384031, -0.04888053],
[ 0.39211977, -0.0962532 ]])];)
[array([[ 0.1901292 , -0.61437568],
[ 0.23211553, -0.58270658]])];)
[array([[ 0.02677422, -0.01153337],
[ 0.14308191, -0.0293771 ]])];)
[array([[ 0.75725267, -3.04408901],
[ 0.41953678, -0.86963492]])];)
[array([[ 0.2734137 , -0.01891311],
[14.1631663 , -0.54234221]])];)
[array([[ 0.04695192, -0.01225895],
[ 0.51556619, -0.0585644 ]])];)
[array([[ 0.18726624, -0.16541954],
[ 1.03584801, -0.75678233]])];)
[array([[ 0.14590863, -0.07134134],
[ 0.74926455, -0.15032446]])];)
[array([[ 0.08752152, -0.07696862],
[ 0.19680558, -0.10318167]])];)
[array([[ 0.0600103 , -0.04556001],
[ 0.26310569, -0.13942092]])];)
[array([[ 0.17728077, -0.06720775],
[ 0.70495557, -0.20449637]])];)
[array([[ 0.22417279, -0.74061212],
[ 0.20661465, -0.26432337]])];)
[array([[ 0.05669924, -0.03956258],
[ 0.18553315, -0.059817  ]])];)
[array([[ 0.55582105, -0.44689959],
[ 1.19123819, -0.68383113]])];)
[array([[ 0.04735461, -0.01679566],
[ 0.48988368, -0.11312174]])];)
[array([[ 0.19506524, -0.48461003],
[ 0.24398113, -0.33529954]])];)
[array([[ 0.23199343, -0.10735654],
[ 1.71711624, -0.40357924]])];)
[array([[ 0.19592876, -0.01007514],
[ 8.3409831 , -0.28491482]])];)
[array([[ 0.6381468 , -0.45883721],
[ 1.4079946 , -0.95039185]])];)
[array([[ 0.02994276, -0.01812389],
[ 0.11193994, -0.04989153]])];)
[array([[ 0.04651536, -0.10558561],
[ 0.03263242, -0.06371167]])];)
[array([[ 0.26082207, -0.13309549],
[ 1.47107002, -0.27259789]])];)
[array([[ 0.09085179, -0.10955655],
[ 0.17605394, -0.18594775]])];)
[array([[ 0.03583593, -0.00775658],
[ 0.34474688, -0.04324534]])];)
[array([[ 0.29397712, -0.39521377],
[ 0.59441449, -0.57099544]])];)
[array([[ 0.27065573, -0.39856851],
[ 0.51950147, -0.31234062]])];)
[array([[ 0.5602004 , -0.11642811],
[ 9.37187556, -1.28145386]])];)
[array([[ 0.1274349 , -0.57849823],
[ 0.09243296, -0.19844876]])];)
[array([[ 0.17435748, -0.02948716],
[ 2.36172128, -0.18346635]])];)
[array([[ 0.05189117, -0.01965496],
[ 0.43317488, -0.10341323]])];)
[array([[ 0.3249511 , -0.07256875],
[ 3.20533478, -0.38186292]])];)
[array([[ 0.21937472, -0.17228885],
[ 1.87968544, -1.42878093]])];)
[array([[ 0.06054861, -0.07530486],
[ 0.13450792, -0.078071  ]])];)
[array([[ 0.38262778, -0.04598392],
[ 6.89352896, -0.41918912]])];)
[array([[ 0.23118538, -0.30798281],
[ 0.45922331, -0.33146483]])];)
[array([[ 0.22271967, -0.02187725],
[ 4.75658172, -0.23229532]])];)
[array([[ 0.29905395, -0.96927246],
[ 0.14438716, -0.29952579]])];)
[array([[ 0.1774027 , -0.0208893 ],
[ 5.437523  , -0.46418011]])];)
[array([[ 0.1211794 , -0.02949222],
[ 1.60208191, -0.2070709 ]])];)
[array([[ 0.08640106, -0.19651256],
[ 0.09880509, -0.12591415]])];)
[array([[ 0.08544329, -0.06066273],
[ 0.19169275, -0.129789  ]])];)
[array([[ 1.93301914e-01, -6.23408371e-03],
[ 1.86353153e+01, -4.07625135e-01]])];)
[array([[ 0.08344694, -0.04096823],
[ 0.40424333, -0.12990821]])];)
[array([[ 0.29234217, -0.25877924],
[ 0.72128963, -0.34295075]])];)
[array([[ 0.15300403, -0.28544804],
[ 0.28638645, -0.31674622]])];)
[array([[ 0.32306754, -0.23097474],
[ 1.40243401, -0.58122946]])];)
[array([[ 0.5483693 , -0.14045874],
[ 3.58389523, -0.5720341 ]])];)
[array([[ 0.03667965, -0.01031391],
[ 0.28923184, -0.04428405]])];)
[array([[ 0.03090862, -0.01931092],
[ 0.14194828, -0.05460621]])];)
[array([[ 0.02691897, -0.01370415],
[ 0.10857658, -0.03248362]])];)
[array([[ 0.17822022, -0.04349844],
[ 2.7475159 , -0.51638054]])];)
[array([[ 0.05386346, -0.03591983],
[ 0.24098267, -0.09431164]])];)
[array([[ 0.39757952, -0.6567176 ],
[ 0.88108221, -1.03520635]])];)
[array([[ 0.12529327, -0.02070309],
[ 2.19365552, -0.19091321]])];)
[array([[ 0.35449206, -0.266131  ],
[ 0.95559092, -0.40948954]])];)
[array([[ 0.53873845, -0.10129449],
[ 9.11827114, -0.7076667 ]])];)
[array([[ 0.37988276, -0.01925635],
[18.11046995, -0.51302461]])];)
[array([[ 0.31650702, -0.07863222],
[ 1.90287743, -0.35782437]])];)
[array([[ 0.19326928, -0.26723382],
[ 0.6173279 , -0.74033055]])];)
[array([[ 0.18320442, -0.0391339 ],
[ 1.5962041 , -0.2221518 ]])];)
[array([[ 0.44073057, -0.0369535 ],
[12.34228886, -0.74737606]])];)
[array([[ 0.43282963, -0.24047973],
[ 2.34270252, -0.44974907]])];)
[array([[ 0.06705407, -0.15872879],
[ 0.06992217, -0.15124638]])];)
[array([[ 0.30274191, -0.08587842],
[ 3.55251689, -0.83339704]])];)
[array([[ 0.15107774, -0.22828797],
[ 0.26789247, -0.37374494]])];)
[array([[ 0.18359075, -0.13735983],
[ 0.72305282, -0.35040082]])];)
[array([[ 0.03252878, -0.01307587],
[ 0.19864111, -0.0450367 ]])];)
[array([[ 0.14189403, -0.10554448],
[ 0.30685982, -0.14886671]])];)
[array([[ 0.4587811 , -0.31514939],
[ 1.04363892, -0.60697922]])];)
[array([[ 0.0600935 , -0.05602291],
[ 0.19103449, -0.10892549]])];)
[array([[ 0.52131461, -0.6597233 ],
[ 1.28197884, -0.77699638]])];)
[array([[ 0.06276046, -0.12855459],
[ 0.09764828, -0.08669965]])];)
[array([[ 0.01739046, -0.01731026],
[ 0.0506966 , -0.01917709]])];)
[array([[ 0.17930947, -0.02748018],
[ 2.19314222, -0.19965849]])];)
[array([[ 0.15901948, -0.01140583],
[ 7.42243702, -0.44148458]])];)
[array([[ 0.36166394, -0.15167187],
[ 2.24661487, -0.64000232]])];)
[array([[ 0.11385927, -0.22663917],
[ 0.16194094, -0.14993905]])];)
[array([[ 0.0343615 , -0.01343033],
[ 0.11587114, -0.03447763]])];)
[array([[ 0.23673631, -0.45772782],
[ 0.3511582 , -0.37796479]])];)
[array([[ 0.09738509, -0.13211325],
[ 0.18326462, -0.18826072]])];)
[array([[ 0.42796131, -0.89217003],
[ 0.43766282, -0.71161043]])];)
[array([[ 0.04710144, -0.03328542],
[ 0.15345687, -0.06146159]])];)
[array([[ 0.09714148, -0.00780726],
[ 3.89143398, -0.19552901]])];)
[array([[ 0.31404821, -0.10919139],
[ 1.49483119, -0.46700647]])];)
[array([[ 0.09358996, -0.02370982],
[ 1.17570426, -0.15934565]])];)
[array([[ 2.83819931e-01, -3.79224647e-03],
[ 4.17102073e+01, -3.94384279e-01]])];)
[array([[ 0.14016068, -0.07460134],
[ 0.51153583, -0.26023776]])];)
[array([[ 0.15378078, -0.28087889],
[ 0.24754338, -0.33278826]])];)
[array([[ 0.44656843, -0.07473807],
[ 6.94596749, -0.7789145 ]])];)
[array([[ 0.07660839, -0.55376517],
[ 0.03543689, -0.19288043]])];)
[array([[ 0.2348977 , -1.31705287],
[ 0.05931298, -0.24241481]])];)
[array([[ 0.11678202, -0.13005484],
[ 0.2925539 , -0.21028358]])];)
[array([[ 0.02632527, -0.00522048],
[ 0.3047673 , -0.03658047]])];)
[array([[ 0.05088852, -0.00357003],
[ 1.77643474, -0.06952052]])];)
[array([[ 0.09570029, -0.2154061 ],
[ 0.09775532, -0.14409977]])];)
[array([[ 0.03980602, -0.01482704],
[ 0.34244846, -0.08852808]])];)
[array([[ 0.2481847 , -0.16078377],
[ 0.85750963, -0.24904477]])];)
[array([[ 0.20874094, -0.20863244],
[ 0.64985773, -0.25298843]])];)
[array([[ 0.03957391, -0.00285115],
[ 1.0902101 , -0.04578109]])];)
[array([[ 0.29413922, -0.02402397],
[10.20418548, -0.29885607]])];)
[array([[ 0.38279123, -0.48794705],
[ 0.78884085, -0.7044003 ]])];)
[array([[ 0.53718788, -0.67414288],
[ 1.13510354, -1.01316718]])];)
[array([[ 0.02180294, -0.01595591],
[ 0.09120906, -0.03062139]])];)
[array([[ 0.0768976 , -0.03818013],
[ 0.49937126, -0.16800673]])];)
[array([[ 0.25580375, -0.02015051],
[ 9.58220579, -0.46967153]])];)
[array([[ 0.19321999, -0.045105  ],
[ 1.98709727, -0.2332387 ]])];)
[array([[ 0.04458392, -0.05018181],
[ 0.07049733, -0.04472167]])];)
[array([[ 0.12331035, -0.1448303 ],
[ 0.22015864, -0.21091536]])];)
[array([[ 0.15009013, -0.02953976],
[ 1.97178942, -0.20413907]])];)
[array([[ 0.49409763, -0.07301711],
[10.65611285, -0.96918316]])];)
[array([[ 0.01741662, -0.00188742],
[ 0.32932684, -0.02469551]])];)
[array([[ 0.0462521 , -0.03101414],
[ 0.13520559, -0.04774793]])];)
[array([[ 0.09073077, -0.00858454],
[ 3.18032382, -0.17276385]])];)
[array([[ 0.04069543, -0.15171531],
[ 0.03001096, -0.0934077 ]])];)
[array([[ 0.14864962, -0.04182498],
[ 1.75460981, -0.3204485 ]])];)
[array([[ 0.61923301, -0.18755248],
[ 6.86092513, -1.37017744]])];)
[array([[ 0.29631879, -0.13767788],
[ 1.31966792, -0.32442373]])];)
[array([[ 0.29371402, -0.01414459],
[10.47744794, -0.36370875]])];)
[array([[ 0.04639292, -0.0664985 ],
[ 0.1018975 , -0.06515318]])];)
[array([[ 0.26346056, -0.53766841],
[ 0.40759213, -0.33357513]])];)
[array([[ 0.09340939, -0.00939528],
[ 3.56886949, -0.23955709]])];)
[array([[ 0.0372707 , -0.03506914],
[ 0.10900789, -0.05560461]])];)
[array([[ 0.16352553, -0.04373839],
[ 1.33087985, -0.19637394]])];)
[array([[ 0.025939  , -0.01426592],
[ 0.13408792, -0.03625302]])];)
[array([[ 0.65285612, -0.63875115],
[ 1.42644157, -0.79441288]])];)
[array([[ 0.16875767, -0.18737035],
[ 0.23035645, -0.19905481]])];)
[array([[ 0.02915982, -0.00969149],
[ 0.21921117, -0.04903273]])];)
[array([[ 0.6469784 , -0.21141777],
[ 6.36010056, -1.17629642]])];)
[array([[ 0.27979152, -0.17325114],
[ 1.51346109, -0.77850355]])];)
[array([[ 0.3466487 , -0.09787051],
[ 3.78119475, -0.53639282]])];)
[array([[ 0.26838387, -0.05403932],
[ 2.44687699, -0.38916249]])];)
[array([[ 0.1621572 , -0.17920312],
[ 0.41965061, -0.19903201]])];)
[array([[ 0.09038064, -0.08408218],
[ 0.32232217, -0.19114047]])];)
[array([[ 0.01505071, -0.01242547],
[ 0.05605033, -0.03427224]])];)
[array([[ 0.20225948, -0.01317424],
[ 7.74969475, -0.27459105]])];)
[array([[ 0.23381881, -0.06976934],
[ 1.98321498, -0.30449221]])];)
[array([[ 0.17492589, -0.01596125],
[ 4.6080153 , -0.20715609]])];)
[array([[ 0.07242019, -0.03424895],
[ 0.39223835, -0.13581443]])];)
[array([[ 0.09113895, -0.0452894 ],
[ 0.48105827, -0.21364541]])];)
[array([[ 0.19298832, -0.13340805],
[ 0.84010057, -0.19714547]])];)
[array([[ 8.17581590e-02, -3.40676513e-03],
[ 4.59590699e+00, -9.47419877e-02]])];)
[array([[ 0.11389842, -0.05101983],
[ 0.81354238, -0.28165862]])];)
[array([[ 0.04014067, -0.00906717],
[ 0.54404127, -0.04619993]])];)
[array([[ 0.34613194, -0.03674584],
[ 6.01597833, -0.39028535]])];)
[array([[ 0.29659828, -0.68587721],
[ 0.41147486, -0.68163985]])];)
[array([[ 0.20367554, -0.04831482],
[ 2.57197018, -0.27989993]])];)
[array([[ 0.27023033, -0.26115559],
[ 0.84831079, -0.40949128]])];)
[array([[ 0.19669233, -0.12532834],
[ 0.40531441, -0.20856333]])];)
[array([[ 0.25316493, -0.16657465],
[ 0.9508391 , -0.27782079]])];)
[array([[ 0.03958355, -0.01047964],
[ 0.24564556, -0.05033665]])];)
[array([[ 0.14069262, -0.0367687 ],
[ 1.4009943 , -0.22342338]])];)
[array([[ 0.2165918 , -0.21257797],
[ 0.68818648, -0.25465769]])];)
[array([[ 0.47488419, -0.07340553],
[ 7.81400498, -0.48461045]])];)
[array([[ 0.04436894, -0.05374887],
[ 0.08122487, -0.05122361]])];)
[array([[ 0.18895729, -0.01290244],
[ 8.97795187, -0.40021503]])];)
[array([[ 0.03481058, -0.01386825],
[ 0.23114589, -0.04559043]])];)
[array([[ 0.15790444, -0.06626284],
[ 1.04006403, -0.22353043]])];)
[array([[ 0.16028988, -0.04130102],
[ 1.71111391, -0.27931014]])];)
[array([[ 0.2658311 , -0.27774087],
[ 0.43238955, -0.321661  ]])];)
[array([[ 0.10284716, -0.16617066],
[ 0.20576057, -0.18727341]])];)
[array([[ 0.08212997, -0.25988815],
[ 0.06654917, -0.0971368 ]])];)
[array([[ 0.00887266, -0.00791993],
[ 0.03678399, -0.02171809]])];)
[array([[ 0.43755357, -4.74668458],
[ 0.08283539, -0.58733117]])];)
[array([[ 0.21151552, -0.02362438],
[ 3.10229881, -0.2690523 ]])];)
[array([[ 0.35683615, -0.29524159],
[ 1.72113759, -0.97831414]])];)
[array([[ 0.04723099, -0.00579525],
[ 0.74215598, -0.0477258 ]])];)
[array([[ 0.51700835, -0.08425719],
[ 9.63410031, -0.96060866]])];)
[array([[ 0.18145984, -0.02991782],
[ 3.51804488, -0.39477179]])];)
[array([[ 0.14163551, -0.11690339],
[ 0.61271013, -0.33324842]])];)
[array([[ 0.07186434, -0.05480616],
[ 0.29033263, -0.08851845]])];)
[array([[ 0.53015732, -0.18266825],
[ 6.82673918, -1.82260221]])];)
[array([[ 0.21340646, -3.94205329],
[ 0.02485069, -0.23316877]])];)
[array([[ 0.17511675, -0.06661377],
[ 0.9992863 , -0.21269574]])];)
[array([[ 0.07461809, -0.03270275],
[ 0.6568199 , -0.20169669]])];)
[array([[ 0.08913061, -0.23010973],
[ 0.12077821, -0.18450679]])];)
[array([[ 0.35104122, -1.08110097],
[ 0.23750365, -0.42611027]])];)
[array([[ 0.09510551, -0.0093175 ],
[ 3.90194398, -0.25667274]])];)
[array([[ 0.05662727, -0.99688869],
[ 0.00941054, -0.0893561 ]])];)
[array([[ 0.01791317, -0.01975949],
[ 0.03064563, -0.03339644]])];)
[array([[ 0.01627654, -0.00679901],
[ 0.06577105, -0.0168842 ]])];)
[array([[ 0.21661315, -0.19390718],
[ 0.43957783, -0.23959534]])];)
[array([[ 0.14210042, -0.01943735],
[ 2.6552443 , -0.17246648]])];)
[array([[ 0.11979633, -0.10323208],
[ 0.30686357, -0.20610697]])];)
[array([[ 0.13938597, -0.10755756],
[ 0.36514392, -0.18496649]])];)
[array([[ 0.64988789, -1.98788023],
[ 0.53799632, -1.21339503]])];)
[array([[ 0.47147362, -0.13273376],
[ 4.42791279, -0.70423355]])];)
[array([[ 0.16649309, -0.2294468 ],
[ 0.30446234, -0.36352387]])];)
[array([[ 0.1667813 , -0.20566893],
[ 0.30425377, -0.17224315]])];)
[array([[ 0.06997312, -0.14464989],
[ 0.0648833 , -0.08960787]])];)
[array([[ 0.06880818, -0.06931063],
[ 0.16773701, -0.07574005]])];)
[array([[ 0.12564358, -0.07783969],
[ 0.42547047, -0.16790175]])];)
[array([[ 0.25195984, -0.78027364],
[ 0.13533522, -0.28828506]])];)
[array([[ 0.10951323, -0.13099943],
[ 0.29672232, -0.31708897]])];)
[array([[ 0.31985769, -0.34818202],
[ 0.54806017, -0.49344824]])];)
[array([[ 0.22914924, -0.18847074],
[ 0.63230554, -0.36481013]])];)
[array([[ 0.03397918, -0.09079916],
[ 0.01834342, -0.04330142]])];)
[array([[ 0.22981062, -0.27860118],
[ 0.51239907, -0.28204687]])];)
[array([[ 0.22739248, -0.50724276],
[ 0.31223722, -0.3358866 ]])];)
[array([[ 0.10887834, -0.17522047],
[ 0.13864113, -0.11321654]])];)
[array([[ 0.22313781, -0.14122468],
[ 1.14797713, -0.36404782]])];)
[array([[ 0.0552014 , -0.26099512],
[ 0.02765752, -0.09385395]])];)
[array([[ 0.11018843, -0.19429241],
[ 0.15449876, -0.2447512 ]])];)
[array([[ 0.05685517, -0.33072559],
[ 0.02897713, -0.08604052]])];)
[array([[ 0.03805652, -0.01618424],
[ 0.47346046, -0.17527892]])];)
[array([[ 0.0625104 , -0.01203924],
[ 0.77696026, -0.09656163]])];)
[array([[ 0.10268324, -0.87972182],
[ 0.03632732, -0.21172323]])];)
[array([[ 0.11766819, -0.01182352],
[ 1.79509126, -0.1252972 ]])];)
[array([[ 0.25119674, -1.13489824],
[ 0.09665258, -0.2693774 ]])];)
[array([[ 0.03498814, -0.0229557 ],
[ 0.19117795, -0.09418089]])];)
[array([[ 0.34373977, -0.43745893],
[ 1.21389081, -1.36832338]])];)
[array([[ 0.08908705, -0.32444175],
[ 0.07040364, -0.14520171]])];)
[array([[ 0.05247924, -0.06031761],
[ 0.15783215, -0.12472826]])];)
[array([[ 0.66061662, -0.0532296 ],
[13.92822078, -0.67790162]])];)
[array([[ 0.23861823, -0.16866807],
[ 0.48098616, -0.24625425]])];)
[array([[ 0.14499505, -0.02928452],
[ 1.8853348 , -0.25522424]])];)
[array([[ 0.1790767 , -0.75759267],
[ 0.09470221, -0.20935426]])];)
[array([[ 0.03844141, -0.08367257],
[ 0.07084923, -0.11032451]])];)
[array([[ 0.3144014 , -0.1325491 ],
[ 2.19338531, -0.60586267]])];)
[array([[ 0.13781649, -0.11784474],
[ 0.41573881, -0.29990762]])];)
[array([[ 0.23494601, -0.02853262],
[ 2.80522536, -0.29406317]])];)
[array([[ 0.10278299, -0.11381216],
[ 0.30037467, -0.18462332]])];)
[array([[ 0.20736851, -0.46213125],
[ 0.2123075 , -0.29652102]])];)
[array([[ 0.32717187, -0.63497818],
[ 0.34133722, -0.38575207]])];)
[array([[ 0.20290905, -0.51555852],
[ 0.17489963, -0.24079098]])];)
[array([[ 0.12750302, -0.52183286],
[ 0.12040315, -0.32611476]])];)
[array([[ 0.17921377, -0.04945085],
[ 1.2125559 , -0.21513901]])];)
[array([[ 0.04914377, -0.00627062],
[ 1.6185279 , -0.1688329 ]])];)
[array([[ 0.25160518, -0.04207525],
[ 3.7256844 , -0.5167656 ]])];)
[array([[ 0.06369709, -0.07824003],
[ 0.20493104, -0.16877313]])];)
[array([[ 0.47086939, -0.08059725],
[ 6.38493947, -0.56816089]])];)
[array([[ 0.16841575, -0.05544869],
[ 1.00213297, -0.22025633]])];)
[array([[ 0.28909945, -0.24599172],
[ 0.93085749, -0.44258712]])];)
[array([[ 0.26463385, -0.16557073],
[ 1.15463484, -0.51975236]])];)
[array([[ 0.62993409, -0.22612064],
[ 3.97748515, -0.73981967]])];)
[array([[ 0.1510651 , -0.08909809],
[ 0.85367462, -0.45655135]])];)
[array([[ 0.0774297 , -0.15266819],
[ 0.11597167, -0.15960173]])];)
[array([[ 0.0432039 , -0.01725511],
[ 0.28224408, -0.07075293]])];)
[array([[ 0.14318301, -0.05757314],
[ 1.08705194, -0.20903438]])];)
[array([[ 0.03290519, -0.01577976],
[ 0.25880623, -0.09267282]])];)
[array([[ 0.34201946, -0.05171924],
[ 4.31253021, -0.39468754]])];)
[array([[ 0.18417099, -0.05541661],
[ 1.38010247, -0.28575895]])];)
[array([[ 0.10998691, -0.02357076],
[ 1.34711282, -0.15127519]])];)
[array([[ 0.02136154, -0.00572658],
[ 0.18439196, -0.0290289 ]])];)
[array([[ 0.08735349, -0.03084862],
[ 0.35421482, -0.09608543]])];)
[array([[ 0.10239884, -0.0236606 ],
[ 1.24119042, -0.13216936]])];)
[array([[ 0.06881141, -0.00904448],
[ 1.48967111, -0.07284845]])];)
[array([[ 0.30064977, -0.13266083],
[ 1.95027955, -0.39141876]])];)
[array([[ 0.13704366, -0.44756151],
[ 0.09047469, -0.17703227]])];)
[array([[ 0.02837278, -0.02870793],
[ 0.09494724, -0.05192829]])];)
[array([[ 0.0386427 , -0.01174184],
[ 0.44266591, -0.08908191]])];)
[array([[ 0.09746209, -0.05692098],
[ 0.44212807, -0.12365106]])];)
[array([[ 0.20513033, -0.08055649],
[ 1.37791655, -0.31837398]])];)
[array([[ 0.27063291, -2.51369544],
[ 0.07117531, -0.38522223]])];)
[array([[ 0.05360749, -0.02562844],
[ 0.34994518, -0.09913909]])];)
[array([[ 0.01554155, -0.01129991],
[ 0.06822958, -0.02855969]])];)
[array([[ 0.14613423, -0.39417812],
[ 0.17377389, -0.3187473 ]])];)
[array([[ 0.26832018, -0.29149433],
[ 0.64580007, -0.35578491]])];)
[array([[ 0.04517096, -0.01135741],
[ 0.85848832, -0.20426043]])];)
[array([[ 0.21084611, -0.08680533],
[ 1.12872433, -0.24265497]])];)
[array([[ 0.04838546, -0.01366935],
[ 0.42066914, -0.05624461]])];)
[array([[ 0.32921662, -0.16657371],
[ 1.66486198, -0.50528506]])];)
[array([[ 0.084763  , -0.13755202],
[ 0.12070208, -0.09382083]])];)
[array([[ 0.22519549, -0.27230335],
[ 0.54413238, -0.31624926]])];)
[array([[ 0.20414876, -0.03403924],
[ 4.71834419, -0.54753474]])];)
[array([[ 0.10500128, -0.00944952],
[ 2.47100423, -0.15978139]])];)
[array([[ 0.0649889 , -0.11047526],
[ 0.08481048, -0.08407962]])];)
[array([[ 0.04144977, -0.04537689],
[ 0.09386804, -0.04330889]])];)
[array([[ 0.07123697, -0.23650384],
[ 0.0495879 , -0.1160688 ]])];)
[array([[ 0.06926026, -0.08921076],
[ 0.09965842, -0.0714791 ]])];)
[array([[ 0.03642089, -0.0038532 ],
[ 0.81779853, -0.04469645]])];)
[array([[ 0.26410812, -0.05233673],
[ 3.51028196, -0.34024521]])];)
[array([[ 0.03722977, -0.07537861],
[ 0.03927789, -0.05428478]])];)
[array([[ 0.21088501, -0.05561539],
[ 2.64405445, -0.32124978]])];)
[array([[ 0.09809435, -0.01022294],
[ 2.86190441, -0.10231784]])];)
[array([[ 0.36035209, -0.54704425],
[ 0.43982302, -0.36666718]])];)
[array([[ 0.32620441, -0.27470151],
[ 0.66118712, -0.35027349]])];)
[array([[ 0.35284157, -2.21096302],
[ 0.09888157, -0.43310987]])];)
[array([[ 0.04126257, -0.06806528],
[ 0.05565795, -0.04281373]])];)
[array([[ 0.01191269, -0.24223522],
[ 0.00174706, -0.02595008]])];)
[array([[ 0.12821088, -0.16987439],
[ 0.20457862, -0.13721402]])];)
[array([[ 0.01432338, -0.11036851],
[ 0.00373021, -0.02317075]])];)
[array([[ 0.39497088, -0.26250865],
[ 1.41469632, -0.41219284]])];)
[array([[ 0.77943648, -0.09591325],
[ 9.311594  , -0.80510612]])];)
[array([[ 0.21082709, -0.10792845],
[ 1.10589884, -0.26298569]])];)
[array([[ 0.37396038, -0.2810432 ],
[ 1.00806436, -0.46493962]])];)
[array([[ 0.06921761, -0.00728335],
[ 1.6428445 , -0.09954858]])];)
[array([[ 0.07543579, -0.02490064],
[ 0.56844241, -0.0834176 ]])];)
[array([[ 0.01794292, -0.0173759 ],
[ 0.04531883, -0.02422782]])];)
[array([[ 0.04254956, -0.41674743],
[ 0.01108296, -0.04607937]])];)
[array([[ 0.09284133, -0.00849125],
[ 3.09272876, -0.13981566]])];)
[array([[ 1.59142730e-01, -7.74050483e-03],
[ 1.42741232e+01, -5.44772632e-01]])];)
[array([[ 0.2443512 , -0.04770787],
[ 2.98472146, -0.41506744]])];)
[array([[ 0.2732181 , -0.19331318],
[ 0.83523339, -0.3192952 ]])];)
[array([[ 0.56755543, -0.05568285],
[14.49462975, -0.96406779]])];)
[array([[ 0.24137497, -0.05145911],
[ 2.57310338, -0.33702847]])];)
[array([[ 0.07540346, -0.034537  ],
[ 0.52524775, -0.16264897]])];)
[array([[ 0.15307341, -0.13314496],
[ 0.54597267, -0.17836123]])];)
[array([[ 0.26271545, -0.38574465],
[ 0.53719885, -0.54594464]])];)
[array([[ 0.11773895, -0.02321257],
[ 1.31697583, -0.12701816]])];)
[array([[ 0.30043014, -0.04598676],
[ 4.7303101 , -0.53601231]])];)
[array([[ 0.26037562, -0.11330191],
[ 1.63251799, -0.38758349]])];)
[array([[ 0.58077551, -0.04168011],
[21.89159875, -1.31982593]])];)
[array([[ 0.12353865, -0.02458899],
[ 1.89028079, -0.27325765]])];)
[array([[ 0.13863973, -0.03491905],
[ 0.993654  , -0.15552039]])];)
[array([[ 0.33746133, -0.25894154],
[ 1.24734041, -0.39367391]])];)
[array([[ 0.32294813, -0.16194318],
[ 1.01317302, -0.39284348]])];)
[array([[ 0.05915573, -0.01660818],
[ 0.83277577, -0.19882734]])];)
[array([[ 0.14456687, -0.02600049],
[ 4.23753972, -0.70530606]])];)
[array([[ 0.22740166, -0.11699828],
[ 1.20345583, -0.42357917]])];)
[array([[ 0.15937813, -0.01756301],
[ 4.45063293, -0.29930198]])];)
[array([[ 0.0101492 , -0.00415123],
[ 0.06208851, -0.01666025]])];)
[array([[ 0.0395076 , -0.0051409 ],
[ 0.65934332, -0.04367591]])];)
[array([[ 0.02809763, -0.04020994],
[ 0.0452149 , -0.05829275]])];)
[array([[ 0.18837218, -0.06007741],
[ 1.49124947, -0.25666986]])];)
[array([[ 0.20629336, -0.06176415],
[ 1.46848602, -0.24130288]])];)
[array([[ 0.14601476, -0.04348768],
[ 1.38783993, -0.17239974]])];)
[array([[ 0.05108424, -0.19483296],
[ 0.02340633, -0.0644948 ]])];)
[array([[ 0.13919903, -0.29725034],
[ 0.26593063, -0.39811502]])];)
[array([[ 1.80947299e-01, -9.45864802e-03],
[ 1.33268710e+01, -4.63835952e-01]])];)
[array([[ 0.07710561, -0.05987551],
[ 0.32873874, -0.13211695]])];)
[array([[ 0.16749517, -0.06703839],
[ 1.04463941, -0.17814784]])];)
[array([[ 0.19660375, -0.18792638],
[ 0.74569521, -0.5250115 ]])];)
[array([[ 0.04810471, -0.02032644],
[ 0.28331225, -0.08302189]])];)
[array([[ 0.05519147, -0.04947056],
[ 0.30363481, -0.22539666]])];)
[array([[ 0.31455408, -0.21208642],
[ 1.26005395, -0.75610998]])];)
[array([[ 0.54701769, -0.12221364],
[ 9.2055374 , -1.37440831]])];)
[array([[ 0.11811464, -0.02734934],
[ 1.03797302, -0.12312102]])];)
[array([[ 0.09846187, -0.15912753],
[ 0.15977802, -0.10841775]])];)
[array([[ 0.5463621 , -0.30629112],
[ 2.65385194, -1.05069986]])];)
[array([[ 0.02599828, -0.00788002],
[ 0.31017071, -0.05378068]])];)
[array([[ 0.15178623, -0.14164575],
[ 0.47698178, -0.20887026]])];)
[array([[ 0.06623669, -0.05519335],
[ 0.31745607, -0.24620529]])];)
[array([[ 0.26734707, -0.15306276],
[ 0.88271518, -0.33649678]])];)
[array([[ 0.22107514, -0.57745453],
[ 0.22289937, -0.22430178]])];)
[array([[ 0.11278562, -0.49157386],
[ 0.05211337, -0.11378922]])];)
[array([[ 0.27342293, -0.15075538],
[ 1.27069195, -0.28385122]])];)
[array([[ 0.10560596, -0.02314387],
[ 1.24828625, -0.12939199]])];)
[array([[ 0.19766948, -0.07893798],
[ 0.83493249, -0.23878029]])];)
[array([[ 0.44630356, -0.13298332],
[ 5.10228806, -1.03283454]])];)
[array([[ 0.06403061, -0.03894877],
[ 0.25385427, -0.08482358]])];)
[array([[ 0.01811173, -0.03350499],
[ 0.02937895, -0.0188445 ]])];)
[array([[ 0.15113655, -0.28466038],
[ 0.26169974, -0.25351   ]])];)
[array([[ 0.13308186, -0.17894203],
[ 0.31135502, -0.24690859]])];)
[array([[ 0.100412  , -0.27236428],
[ 0.06124828, -0.12434425]])];)
[array([[ 0.03625047, -0.02977535],
[ 0.09384826, -0.04482884]])];)
[array([[ 0.11964584, -0.10726808],
[ 0.36360659, -0.23782538]])];)
[array([[ 0.13397912, -0.01469322],
[ 3.41292783, -0.20530647]])];)
[array([[ 0.04781435, -0.02551732],
[ 0.21197446, -0.05173597]])];)
[array([[ 0.1809658 , -0.43488924],
[ 0.20343622, -0.46728858]])];)
[array([[ 0.45660853, -0.03774835],
[ 9.59684846, -0.56763728]])];)
[array([[ 0.22783387, -2.5408449 ],
[ 0.06768074, -0.43862149]])];)
[array([[ 0.39848657, -0.60896477],
[ 0.29968327, -0.41056611]])];)
[array([[ 0.04043951, -0.00735687],
[ 0.58067098, -0.06410766]])];)
[array([[ 0.12515159, -2.23366173],
[ 0.03423241, -0.52578262]])];)
[array([[ 0.20178866, -0.15076071],
[ 0.816748  , -0.25021258]])];)
[array([[ 0.1131571 , -0.04735568],
[ 0.55958105, -0.22016702]])];)
[array([[ 0.06231651, -0.04128479],
[ 0.237389  , -0.09819382]])];)
[array([[ 0.17723531, -0.0488269 ],
[ 1.62514138, -0.26762724]])];)
[array([[ 0.11250727, -0.00982757],
[ 4.18129514, -0.19568591]])];)
[array([[ 0.19658886, -0.18947344],
[ 0.60075643, -0.26209266]])];)
[array([[ 0.26387335, -0.04825021],
[ 3.27441058, -0.29719034]])];)
[array([[ 0.05763162, -0.2866737 ],
[ 0.02757666, -0.08161122]])];)
[array([[ 0.1319149 , -0.05290281],
[ 0.93268484, -0.30260271]])];)
[array([[ 0.1023587 , -0.00629226],
[ 4.14420297, -0.10864729]])];)
[array([[ 0.35126332, -0.14255695],
[ 2.26387601, -0.56489797]])];)
[array([[ 0.13150112, -0.01784004],
[ 2.4767462 , -0.17111043]])];)
[array([[ 0.12369154, -0.59524   ],
[ 0.10010506, -0.34866945]])];)
[array([[ 0.09743251, -0.06175665],
[ 0.41093074, -0.11479898]])];)
[array([[ 0.07093391, -2.17960401],
[ 0.00735785, -0.14850464]])];)
[array([[ 0.45954564, -0.46636622],
[ 1.1000978 , -0.56802196]])];)
[array([[ 0.38375992, -0.04420673],
[ 6.90487362, -0.6856643 ]])];)
[array([[ 0.28344619, -0.05976771],
[ 3.39508264, -0.30433209]])];)
[array([[ 0.12107769, -0.03344541],
[ 1.25615901, -0.12833243]])];)
[array([[ 0.13416954, -0.21547913],
[ 0.22417485, -0.19102375]])];)
[array([[ 0.07228253, -0.03078958],
[ 0.47334872, -0.1405222 ]])];)
[array([[ 0.33029661, -0.10031435],
[ 1.81179579, -0.43353952]])];)
[array([[ 0.10263921, -0.05487408],
[ 0.61834522, -0.17658856]])];)
[array([[ 0.18742348, -0.16083073],
[ 0.6917539 , -0.24469181]])];)
[array([[ 0.04161014, -0.16932177],
[ 0.0302336 , -0.05450779]])];)
[array([[ 0.19897035, -0.65206504],
[ 0.17571248, -0.24582327]])];)
[array([[ 0.29823894, -0.97389918],
[ 0.36942528, -1.13218243]])];)
[array([[ 0.1456854 , -0.03766267],
[ 1.68692544, -0.21146844]])];)
[array([[ 0.06384776, -0.22811654],
[ 0.03347657, -0.08944486]])];)
[array([[ 0.18084685, -0.06747892],
[ 0.61297864, -0.19446192]])];)
[array([[ 0.23432605, -0.04678708],
[ 1.96235723, -0.2368741 ]])];)
[array([[ 0.21188673, -0.01110655],
[ 8.40753261, -0.23608754]])];)
[array([[ 0.26053308, -0.0523859 ],
[ 3.7356929 , -0.31109588]])];)
[array([[ 3.11360875e-01, -1.46618599e-02],
[ 1.84689393e+01, -5.62651145e-01]])];)
[array([[ 0.59069656, -0.04407489],
[23.12061504, -0.98206725]])];)
[array([[ 0.05785844, -0.01344863],
[ 0.72438219, -0.0914328 ]])];)
[array([[ 0.24470789, -0.01463601],
[11.52773822, -0.41819373]])];)
[array([[ 0.11868472, -0.96598663],
[ 0.04541044, -0.28551474]])];)
[array([[ 0.34128591, -0.77882057],
[ 0.24301818, -0.36762496]])];)
[array([[ 0.2715259 , -0.80920919],
[ 0.32536802, -0.69152988]])];)
[array([[ 0.04719151, -0.01740195],
[ 0.33087737, -0.06603634]])];)
[array([[ 0.50759547, -0.30001344],
[ 2.43931339, -0.64584697]])];)
[array([[ 0.48476545, -0.16883515],
[ 4.49745429, -0.97827708]])];)
[array([[ 0.66933375, -0.68084553],
[ 1.00543945, -0.70722434]])];)
[array([[ 0.21529113, -0.02711222],
[ 2.86129438, -0.22056665]])];)
[array([[ 0.41559036, -0.02027487],
[15.52409041, -0.46462982]])];)
[array([[ 0.09720587, -0.10469359],
[ 0.17021457, -0.12059633]])];)
[array([[ 0.06304081, -0.13802509],
[ 0.09330229, -0.08855358]])];)
[array([[ 0.38277615, -0.09404349],
[ 4.21983629, -0.4794693 ]])];)
[array([[ 0.11427819, -0.11483544],
[ 0.39290142, -0.2296232 ]])];)
[array([[ 0.37229272, -0.66721421],
[ 0.48547682, -0.46271806]])];)
[array([[ 0.18021461, -0.13654901],
[ 0.65395762, -0.24312299]])];)
[array([[ 2.38703804e-01, -4.14124089e-03],
[ 3.20430203e+01, -2.44546671e-01]])];)
[array([[ 0.15710772, -0.11415002],
[ 0.76589407, -0.34584863]])];)
[array([[ 0.60636511, -0.46277751],
[ 2.03445817, -0.81456728]])];)
[array([[ 0.03788949, -0.02065891],
[ 0.15750061, -0.04949749]])];)
[array([[ 0.03338858, -0.08095861],
[ 0.03781128, -0.03662799]])];)
[array([[ 0.13694487, -0.95276721],
[ 0.06322895, -0.29276466]])];)
[array([[ 0.22357497, -0.57963484],
[ 0.23115904, -0.24284754]])];)
[array([[ 0.60235318, -0.046056  ],
[28.68440245, -1.43982605]])];)
[array([[ 0.31284956, -0.18989428],
[ 1.65718355, -0.46385552]])];)
[array([[ 0.17108072, -0.08746901],
[ 1.37192019, -0.50339891]])];)
[array([[ 0.27947549, -0.29907822],
[ 0.94144186, -0.64125318]])];)
[array([[ 0.07189831, -0.05819485],
[ 0.17391749, -0.08412985]])];)
[array([[ 0.36105848, -0.47052503],
[ 0.81318274, -0.3649434 ]])];)
[array([[ 0.12403983, -0.02441107],
[ 2.26062213, -0.35538285]])];)
[array([[ 0.06909863, -0.61485   ],
[ 0.0167571 , -0.11741572]])];)
[array([[ 0.0440579 , -0.04470966],
[ 0.14391114, -0.07967524]])];)
[array([[ 0.07067065, -0.00633885],
[ 2.76801303, -0.20406757]])];)
[array([[ 0.07194343, -0.03493108],
[ 0.52799813, -0.20992657]])];)
[array([[ 0.08553369, -0.15754498],
[ 0.1317605 , -0.09349923]])];)
[array([[ 0.03377828, -0.01684544],
[ 0.09978826, -0.03724356]])];)
[array([[ 0.08776541, -0.09722441],
[ 0.22403537, -0.11386585]])];)
[array([[ 0.03369923, -0.06324421],
[ 0.03556932, -0.04414902]])];)
[array([[ 0.10006353, -0.11813899],
[ 0.48115632, -0.54021087]])];)
[array([[ 0.07961838, -0.73012679],
[ 0.02632265, -0.10301675]])];)
[array([[ 0.31327046, -0.39597651],
[ 0.44411649, -0.34933985]])];)
[array([[ 0.2393664 , -0.12775114],
[ 1.25849383, -0.34870896]])];)
[array([[ 0.01999152, -0.00528883],
[ 0.2715817 , -0.04968913]])];)
[array([[ 0.15538452, -0.32357738],
[ 0.27815184, -0.42632855]])];)
[array([[ 0.08665126, -0.24876714],
[ 0.0700734 , -0.11256958]])];)
[array([[ 0.45995489, -1.17173611],
[ 0.45192375, -0.74883359]])];)
[array([[ 0.12678066, -0.09018833],
[ 0.48065472, -0.29664626]])];)
[array([[ 0.10652073, -0.04492271],
[ 0.40930636, -0.12626685]])];)
[array([[ 0.42480901, -0.13686097],
[ 2.59965014, -0.67083581]])];)
[array([[ 0.04957429, -0.01366408],
[ 0.37743729, -0.06966343]])];)
[array([[ 1.54138799e-01, -6.84725035e-03],
[ 1.17196817e+01, -3.54662315e-01]])];)
[array([[ 0.21334517, -0.09600199],
[ 0.97522221, -0.25037067]])];)
[array([[ 0.15990054, -0.12559857],
[ 0.60159535, -0.38710191]])];)
[array([[ 0.05102588, -0.00651114],
[ 0.68699287, -0.05785705]])];)
[array([[ 0.03205024, -0.00991954],
[ 0.18460062, -0.03309308]])];)
[array([[ 0.09589561, -0.70466302],
[ 0.05657326, -0.343611  ]])];)
[array([[ 0.24644027, -0.72440214],
[ 0.18363927, -0.28674174]])];)
[array([[ 0.14915184, -0.07712292],
[ 0.94555978, -0.22036401]])];)
[array([[ 0.1205748 , -0.03530919],
[ 1.15970363, -0.15285713]])];)
[array([[ 0.48472885, -0.62638951],
[ 0.94006837, -0.94145166]])];)
[array([[ 0.33897803, -0.1027168 ],
[ 2.51776663, -0.58323708]])];)
[array([[ 0.5151035 , -0.2957618 ],
[ 2.73574503, -0.59253855]])];)
[array([[ 0.08552087, -0.12882328],
[ 0.12759778, -0.09461486]])];)
[array([[ 0.27641572, -0.09565996],
[ 2.00624048, -0.44302065]])];)
[array([[ 0.02162348, -0.008014  ],
[ 0.18665165, -0.03426826]])];)
[array([[ 0.19168017, -0.2446289 ],
[ 0.34554035, -0.36638241]])];)
[array([[ 0.21647418, -0.04314428],
[ 3.8966751 , -0.68254728]])];)
[array([[ 0.02516678, -0.02083805],
[ 0.05107408, -0.02803312]])];)
[array([[ 0.32144868, -0.03033856],
[ 7.51273444, -0.32622691]])];)
[array([[ 0.12714844, -0.01772753],
[ 2.43396568, -0.21836601]])];)
[array([[ 0.14349425, -0.05598006],
[ 0.44836783, -0.14673927]])];)
[array([[ 0.36917119, -0.02580091],
[ 9.74542786, -0.39839816]])];)
[array([[ 0.36534227, -0.26247791],
[ 1.42836649, -0.42897295]])];)
[array([[ 0.09854554, -0.0466922 ],
[ 0.40718189, -0.11250521]])];)
[array([[ 0.05605517, -0.02453917],
[ 0.36009972, -0.05994347]])];)
[array([[ 0.03406541, -0.01703188],
[ 0.10673982, -0.04713044]])];)
[array([[ 0.09807429, -0.02512891],
[ 0.67120038, -0.09808891]])];)
[array([[ 0.12185044, -0.19905599],
[ 0.12939694, -0.14409641]])];)
[array([[ 0.41510714, -2.72688853],
[ 0.32600971, -2.03180319]])];)
[array([[ 0.37889364, -0.08219823],
[ 3.27595653, -0.40259399]])];)
[array([[ 0.34331199, -1.27986093],
[ 0.28224673, -0.74201651]])];)
[array([[ 0.38856367, -0.23309524],
[ 1.58604854, -0.49272567]])];)
[array([[ 0.1437197 , -0.07163673],
[ 1.46112808, -0.66837209]])];)
[array([[ 0.19810087, -0.81169853],
[ 0.1384532 , -0.30450707]])];)
[array([[ 0.20997575, -0.06725552],
[ 1.70941886, -0.33526715]])];)
[array([[ 0.12739605, -0.06560199],
[ 0.72666271, -0.14141593]])];)
[array([[ 0.02503904, -0.00330464],
[ 0.50490723, -0.03192803]])];)
[array([[ 0.27809315, -1.00143657],
[ 0.14823851, -0.29811099]])];)
[array([[ 0.18331328, -0.0561369 ],
[ 2.22639455, -0.48656167]])];)
[array([[ 0.11207436, -0.0728961 ],
[ 0.4979025 , -0.18081313]])];)
[array([[ 0.07100762, -0.2259228 ],
[ 0.05767336, -0.09468867]])];)
[array([[ 0.3050852 , -0.03125137],
[ 6.28425677, -0.46161257]])];)
[array([[ 0.26579301, -0.07350001],
[ 2.37793937, -0.33192993]])];)
[array([[ 0.17338507, -0.1090331 ],
[ 0.81956347, -0.21141096]])];)
[array([[ 0.18463692, -0.91810143],
[ 0.07631529, -0.22978071]])];)
[array([[ 0.37317254, -0.1451166 ],
[ 2.8397039 , -0.51642387]])];)
[array([[ 0.0764034 , -0.06731549],
[ 0.16968141, -0.12375026]])];)
[array([[ 0.32522018, -0.13019121],
[ 1.20732044, -0.38542201]])];)
[array([[ 0.18757856, -0.06488883],
[ 1.69158516, -0.31068   ]])];)
[array([[ 0.11442264, -0.19224263],
[ 0.26965895, -0.38611637]])];)
[array([[ 0.50383558, -0.14095792],
[ 4.97820132, -0.58519236]])];)
[array([[ 0.21052842, -0.02333692],
[ 6.59899893, -0.40179022]])];)
[array([[ 0.55473777, -0.03021628],
[21.5036803 , -0.75255631]])];)
[array([[ 0.09884509, -0.63261295],
[ 0.02546319, -0.10713731]])];)
[array([[ 0.11149501, -0.01527589],
[ 2.23996749, -0.18081871]])];)
[array([[ 2.53124237e-01, -1.18233798e-02],
[ 1.55897184e+01, -2.76444712e-01]])];)
[array([[ 0.25243927, -0.16826362],
[ 1.05675063, -0.28556593]])];)
[array([[ 0.07917333, -0.00905597],
[ 1.74073718, -0.08333533]])];)
[array([[ 0.27376967, -0.19090782],
[ 0.76324375, -0.31601551]])];)
[array([[ 0.08532752, -0.1435676 ],
[ 0.12694112, -0.14177691]])];)
[array([[ 0.02757266, -0.0195953 ],
[ 0.11885432, -0.0377252 ]])];)
[array([[ 0.17414797, -0.7030827 ],
[ 0.12756749, -0.263986  ]])];)
[array([[ 0.23012891, -0.03911465],
[ 3.77512363, -0.31561853]])];)
[array([[ 0.31872357, -1.0492769 ],
[ 0.2823874 , -0.51755886]])];)
[array([[ 0.2185312 , -0.03357301],
[ 3.49488059, -0.24480913]])];)
[array([[ 0.47169081, -0.58902089],
[ 0.64674227, -0.48116126]])];)
[array([[ 0.05401617, -0.30081175],
[ 0.02813966, -0.0540744 ]])];)
[array([[ 0.18671181, -0.11437694],
[ 0.98715293, -0.44094894]])];)
[array([[ 0.27029834, -0.10942772],
[ 1.32614674, -0.31058551]])];)
[array([[ 0.25044325, -0.21868363],
[ 0.47659259, -0.37926785]])];)
[array([[ 0.14883439, -0.20264857],
[ 0.29368937, -0.24823188]])];)
[array([[ 0.26424254, -0.36551534],
[ 0.58287576, -0.59673695]])];)
[array([[ 0.10809092, -0.14746657],
[ 0.23541326, -0.1604942 ]])];)
[array([[ 0.0618229 , -0.00795364],
[ 1.85374229, -0.1816679 ]])];)
[array([[ 0.11493474, -0.02213142],
[ 1.41534044, -0.1316522 ]])];)
[array([[ 8.90279156e-02, -4.42762026e-03],
[ 5.19323777e+00, -9.32674119e-02]])];)
[array([[ 0.25536479, -0.13440132],
[ 1.33151279, -0.30687857]])];)
[array([[ 0.10928154, -0.03838926],
[ 0.88999804, -0.14706008]])];)
[array([[ 0.0578927 , -0.07312145],
[ 0.15327977, -0.09339406]])];)
[array([[ 0.13240966, -0.19019101],
[ 0.22319991, -0.2217633 ]])];)
[array([[ 0.52098871, -0.22845979],
[ 2.97153395, -0.85261675]])];)
[array([[ 0.32538948, -0.02259447],
[ 9.69178012, -0.32696002]])];)
[array([[ 0.06798255, -0.04349574],
[ 0.21079959, -0.07069129]])];)
[array([[ 0.115681  , -0.02650616],
[ 1.71193072, -0.36794849]])];)
[array([[ 0.03710298, -0.0252777 ],
[ 0.14558149, -0.0419385 ]])];)
[array([[ 0.14217874, -0.19486342],
[ 0.22174996, -0.14852089]])];)
[array([[ 0.51093941, -0.95037182],
[ 0.86578893, -0.79319431]])];)
[array([[ 0.05260966, -0.31281959],
[ 0.03241837, -0.14105279]])];)
[array([[ 3.13130920e-01, -1.02128857e-02],
[ 2.67985565e+01, -4.09080416e-01]])];)
[array([[ 0.08618829, -0.04481641],
[ 0.75645172, -0.38166746]])];)
[array([[ 0.21396428, -0.2473234 ],
[ 0.40682481, -0.3284643 ]])];)
[array([[ 0.15952538, -0.72720859],
[ 0.12395553, -0.31195755]])];)
[array([[ 0.10678879, -0.09695859],
[ 0.34686087, -0.114482  ]])];)
[array([[ 0.54061671, -1.43685866],
[ 0.64745943, -1.49822666]])];)
[array([[ 0.09254016, -0.20139255],
[ 0.12865478, -0.13653491]])];)
[array([[ 0.73168772, -0.74409019],
[ 1.37173822, -1.30979628]])];)
[array([[ 0.15116913, -0.15784957],
[ 0.26722697, -0.20531639]])];)
[array([[ 0.08041384, -0.09289783],
[ 0.20781441, -0.08294256]])];)
[array([[ 0.25977233, -0.0291637 ],
[ 4.78775875, -0.37221891]])];)
[array([[ 0.05621309, -0.04240179],
[ 0.16953252, -0.07579183]])];)
[array([[ 0.16497168, -0.19277032],
[ 0.23139262, -0.19620398]])];)
[array([[ 0.2295236 , -0.35782649],
[ 0.52721129, -0.67680684]])];)
[array([[ 0.0978093 , -0.07350165],
[ 0.25193103, -0.10997419]])];)
[array([[ 0.08729659, -0.06287589],
[ 0.38965143, -0.13178854]])];)
[array([[ 0.15412243, -0.06889443],
[ 0.70488255, -0.20659741]])];)
[array([[ 0.10093981, -0.0097936 ],
[ 2.57929072, -0.14464528]])];)
[array([[ 0.1024875 , -0.22932058],
[ 0.0987648 , -0.10514562]])];)
[array([[ 0.18469002, -0.11806572],
[ 1.04963147, -0.40929415]])];)
[array([[ 0.18815271, -0.32283023],
[ 0.2328484 , -0.20455986]])];)
[array([[ 0.59487223, -1.27043367],
[ 1.02482243, -1.42916117]])];)
[array([[ 0.57474248, -0.81998372],
[ 0.81660914, -0.95962524]])];)
[array([[ 1.24812373e-01, -5.73195196e-03],
[ 7.71994900e+00, -1.29676896e-01]])];)
[array([[ 0.4147845 , -0.09348405],
[ 2.97754965, -0.41540279]])];)
[array([[ 0.23874261, -0.42322136],
[ 0.34321645, -0.3490899 ]])];)
[array([[ 0.05816341, -0.00724344],
[ 1.30651109, -0.10524174]])];)
[array([[ 0.04825402, -0.52586813],
[ 0.01173714, -0.05881274]])];)
[array([[ 0.15897528, -0.09760754],
[ 0.68102457, -0.27591072]])];)
[array([[ 0.03096215, -0.00350881],
[ 0.46467742, -0.03176549]])];)
[array([[ 0.09873362, -0.06449662],
[ 0.29684204, -0.1078445 ]])];)
[array([[ 0.09813469, -0.04339877],
[ 0.39775803, -0.10669529]])];)
[array([[ 0.07130282, -0.09923637],
[ 0.09217541, -0.09029707]])];)
[array([[ 0.09909927, -0.00515614],
[ 4.03376466, -0.10792581]])];)
[array([[ 0.02177614, -0.00498619],
[ 0.26933888, -0.03340129]])];)
[array([[ 0.15862571, -0.22808708],
[ 0.36330036, -0.25181385]])];)
[array([[ 0.04527564, -0.01361324],
[ 0.44219732, -0.07533481]])];)
[array([[ 0.21424002, -0.05147055],
[ 2.82043835, -0.39200004]])];)
[array([[ 0.26710785, -1.33337605],
[ 0.13919179, -0.36613826]])];)
[array([[ 0.30707219, -0.24463697],
[ 1.20374239, -0.66280031]])];)
[array([[ 0.19170681, -0.04659928],
[ 2.35016606, -0.31624785]])];)
[array([[ 0.36161833, -0.67718695],
[ 0.64004239, -0.98347091]])];)
[array([[ 2.89514249e-01, -8.02733630e-03],
[ 2.98145781e+01, -5.37676334e-01]])];)
[array([[ 0.17802686, -0.11241289],
[ 0.38298138, -0.21295149]])];)
[array([[ 0.15962691, -0.14416835],
[ 0.31640774, -0.26083609]])];)
[array([[ 0.09880553, -0.01641425],
[ 1.67144434, -0.25095644]])];)
[array([[ 0.34066872, -0.52602774],
[ 0.48615   , -0.5007516 ]])];)
[array([[ 0.06415456, -0.04986104],
[ 0.24200396, -0.07145761]])];)
[array([[ 0.20027077, -0.17342623],
[ 0.64826393, -0.42014779]])];)
[array([[ 0.19424388, -0.13152865],
[ 0.73580893, -0.3057316 ]])];)
[array([[ 0.1998315 , -0.13016189],
[ 0.68766155, -0.20756367]])];)
[array([[ 0.33675597, -0.05473742],
[ 5.60142925, -0.42606636]])];)
[array([[ 0.04973673, -0.01009793],
[ 0.70667451, -0.05601553]])];)
[array([[ 0.04805065, -0.08106077],
[ 0.07883917, -0.09866077]])];)
[array([[ 0.24064995, -0.24102898],
[ 0.60449722, -0.26021416]])];)
[array([[ 0.05006807, -0.04682037],
[ 0.14382145, -0.07865474]])];)
[array([[ 0.20651576, -0.69384818],
[ 0.16768957, -0.35405113]])];)
[array([[ 0.08949858, -0.21884478],
[ 0.10384086, -0.13576108]])];)
[array([[ 0.21923492, -0.02160798],
[ 5.81217692, -0.38962014]])];)
[array([[ 0.1513835 , -0.06497584],
[ 0.96085861, -0.19086025]])];)
[array([[ 0.29148499, -0.07156818],
[ 4.54819899, -0.78056806]])];)
[array([[ 0.19882312, -0.36231034],
[ 0.49911916, -0.74550132]])];)
[array([[ 0.41934957, -0.83674131],
[ 0.56602511, -0.57146593]])];)
[array([[ 0.10638326, -0.69429534],
[ 0.05124171, -0.2182691 ]])];)
[array([[ 0.41633505, -0.06239521],
[ 5.25741923, -0.44324884]])];)
[array([[ 0.4017116 , -0.21339759],
[ 2.23579324, -0.96380535]])];)
